1.654326592823368303e-01
1.672779182040560753e-01
1.630568805880745764e-01
1.458399970603469487e-01
1.188920273490169377e-01
1.397361061303316609e-01
1.378674962508868451e-01
1.322170453071914997e-01
1.350013927618614884e-01
1.376710343701669503e-01
1.350136255515193839e-01
1.337007100853793151e-01
1.334841624067766297e-01
1.400857586099405749e-01
1.488076261942464507e-01
1.489661302862396175e-01
1.602527833663237589e-01
1.797426555909748813e-01
1.753573278015483350e-01
1.713240300195621735e-01
