9.218051046962372208e-02
1.380461170812322114e-01
2.023566331616981351e-01
2.882648321407307868e-01
3.718660499295981525e-01
4.430595240460235562e-01
5.002597365689547271e-01
5.405527881986598171e-01
5.703819704947638014e-01
5.506787007435617332e-01
5.496578811999760505e-01
5.613540996003053563e-01
5.369470030143103090e-01
4.963434386281713739e-01
4.396863940896896805e-01
3.694019953790799171e-01
2.862130017961017070e-01
2.026631395932036728e-01
1.381084309722610814e-01
9.261286152048303633e-02
