2.273060986399776662e-01
7.786126386633757113e-02
5.194770869169711147e-02
4.588378106740029216e-02
3.652927450563590861e-02
3.395716748859030354e-02
3.521956621557531530e-02
3.408903856911463248e-02
3.222019029171879767e-02
3.024956284767764403e-02
2.788608202691042481e-02
2.735545908368594917e-02
2.675417455214762139e-02
2.627247067271785974e-02
2.604405372581715047e-02
2.673282794249479469e-02
2.743159454045656503e-02
2.860945772161365905e-02
2.998636324530972938e-02
3.035804862806593118e-02
3.262002691505046237e-02
3.399993808649783011e-02
3.484943843029675303e-02
3.596909064689055718e-02
3.659221522584731046e-02
3.697429829541194757e-02
3.692580923286789552e-02
3.617586212094189846e-02
3.533249037325092434e-02
3.472444898897019544e-02
3.493627302556898129e-02
3.470734540485411607e-02
7.476028379804558477e-02
3.466171636151921254e-02
3.537854193516058038e-02
3.490033972523667871e-02
3.480556838502313344e-02
3.515835647764534166e-02
3.523622004813802694e-02
3.502905108529914824e-02
3.501852907352122346e-02
3.475060888297577116e-02
3.477115007702067523e-02
1.389422792936557682e-01
3.365465694383047018e-02
3.290029072531106685e-02
3.158765370711299342e-02
3.089896069864258091e-02
3.008122755305522172e-02
3.016570812175503602e-02
2.921414998289207851e-02
2.910683328726526228e-02
3.032439220888275347e-02
2.982066481150747947e-02
2.976886188766561872e-02
3.089329948545256957e-02
3.082231346904417552e-02
3.010439583448611817e-02
3.179719068690513989e-02
3.239102034876175512e-02
3.337135879439775965e-02
3.453676309178583398e-02
3.553343781806903717e-02
3.721776007596774849e-02
3.745105989383330086e-02
3.808957393731978586e-02
3.841959755475695543e-02
3.948796180456428523e-02
3.932152663185104619e-02
4.158876950204042772e-02
4.046490766201868428e-02
4.137724715622047300e-02
4.086653308329308426e-02
4.115710254002644813e-02
4.039904198253844309e-02
4.052459611541304324e-02
3.996561761316361205e-02
4.054582690941425233e-02
3.846201535007429118e-02
3.771908336813267065e-02
3.752493542072138366e-02
3.708328257605319339e-02
3.574833685068920519e-02
3.591612744697366549e-02
3.378516362891273439e-02
3.457272946229936195e-02
3.348007262938122036e-02
3.462818108920630994e-02
3.131215548110555247e-02
3.332671681518185880e-02
3.192467248026688992e-02
3.385919035173001745e-02
3.129724028824901888e-02
3.306479966994390479e-02
3.022748519799923345e-02
3.364958992423296852e-02
3.078392763158565790e-02
3.204665979042963658e-02
3.134960620219016253e-02
