1.091385999999943124e+03
1.942972000000103890e+03
2.080530000000272139e+03
2.090821999998846877e+03
1.892561999998953979e+03
2.021866000002115470e+03
2.125730000002602537e+03
2.183778000002668705e+03
2.124576000002603905e+03
2.061629999998815038e+03
2.057451999995220831e+03
2.086869999995127728e+03
2.127317999995033460e+03
2.072951999995202641e+03
1.930545999995476450e+03
1.729337999995987047e+03
1.874153999995636696e+03
1.865409999995659746e+03
1.725913999995987979e+03
9.590420000041849562e+02
