7.478359999999612455e+02
1.324768000000069605e+03
1.421296000000191270e+03
1.431949999999211741e+03
1.304035999999277919e+03
1.380462000001463821e+03
1.450648000001771834e+03
1.489802000001809574e+03
1.452226000001777720e+03
1.410107999999201638e+03
1.401177999996742074e+03
1.419317999996712388e+03
1.446459999996632177e+03
1.413165999996719620e+03
1.316547999996950239e+03
1.194507999997225852e+03
1.291801999996994709e+03
1.278925999997034523e+03
1.186441999997237872e+03
6.577080000028508948e+02
