9.813499999999500005e+02
1.746210000000094169e+03
1.879910000000238142e+03
1.883985999998959414e+03
1.706983999999059961e+03
1.820874000001955210e+03
1.913418000002333429e+03
1.961878000002392582e+03
1.913322000002341156e+03
1.853419999998804997e+03
1.847545999995705643e+03
1.869859999995645921e+03
1.904589999995587277e+03
1.855675999995684833e+03
1.717821999996001978e+03
1.542245999996423052e+03
1.688951999996053928e+03
1.676079999996083643e+03
1.549641999996361847e+03
8.536900000038003782e+02
