9.998399999999489864e+02
1.778650000000093996e+03
1.906852000000252247e+03
1.917821999998940555e+03
1.736677999999034910e+03
1.856338000001971523e+03
1.949968000002376357e+03
2.006142000002450004e+03
1.951830000002384622e+03
1.892167999998808227e+03
1.877791999995653896e+03
1.910219999995548278e+03
1.940669999995479884e+03
1.889519999995605758e+03
1.753981999995910883e+03
1.581703999996316270e+03
1.722877999995995197e+03
1.712775999995999882e+03
1.577113999996345228e+03
8.722240000038218568e+02
