3.960000000000002962e-01
6.200000000000003286e-01
5.080000000000004512e-01
6.499999999999810374e-01
4.219999999999535234e-01
4.099999999999548450e-01
5.299999999999416289e-01
6.699999999999266542e-01
6.479999999999286331e-01
6.139999999999323776e-01
4.419999999999513207e-01
4.839999999999466951e-01
5.719999999999370033e-01
4.999999999999449329e-01
3.599999999999603517e-01
4.620000000000770157e-01
6.580000000002197424e-01
5.960000000001990372e-01
6.100000000002037126e-01
3.360000000001122089e-01
