1.780499999999908596e+02
3.160920000000180607e+02
3.395900000000370937e+02
3.391899999998153135e+02
3.040599999998416934e+02
3.239360000003468940e+02
3.416420000004084159e+02
3.495560000004270478e+02
3.407860000004179710e+02
3.304139999997869381e+02
3.296139999992506091e+02
3.324299999992422272e+02
3.399399999992247103e+02
3.295739999992420053e+02
3.053839999992887897e+02
2.760179999993588353e+02
3.044739999992862067e+02
3.035339999992947924e+02
2.792439999993493984e+02
1.550440000006365153e+02
