1.574885999999919932e+03
2.824386000000141848e+03
3.050006000000401400e+03
3.032187999998318446e+03
2.731169999998477579e+03
2.964450000003116656e+03
3.120186000003801382e+03
3.203042000003883004e+03
3.120030000003862369e+03
3.004717999997894367e+03
2.985589999993058882e+03
3.043327999992914556e+03
3.107271999992735800e+03
3.021057999992975965e+03
2.806461999993451172e+03
2.480207999994207057e+03
2.703553999993680918e+03
2.700673999993712641e+03
2.463557999994358397e+03
1.358334000006121641e+03
