1.117955999999942833e+03
1.993712000000105036e+03
2.144120000000281834e+03
2.153859999998803687e+03
1.946895999998925618e+03
2.087828000002222325e+03
2.193398000002667686e+03
2.253802000002751811e+03
2.184694000002677058e+03
2.123633999998615764e+03
2.109779999995123944e+03
2.139581999995007209e+03
2.182299999994920654e+03
2.127089999995023391e+03
1.971325999995402526e+03
1.774241999995887454e+03
1.931323999995514896e+03
1.919359999995518592e+03
1.758913999995915219e+03
9.733760000043257605e+02
