1.682389400000687237e+04
1.152468999997314677e+04
1.790269999995813123e+03
6.379059999985038303e+02
3.164939999992966477e+02
1.545619999996451952e+02
9.599199999975462561e+01
7.334599999982674490e+01
6.347999999985040631e+01
5.556999999986510375e+01
4.936999999987165211e+01
4.693599999992147787e+01
4.504399999987435876e+01
4.399199999989286880e+01
4.377399999990302604e+01
4.299999999990177457e+01
4.224799999990136712e+01
4.044399999989764183e+01
3.952799999994385871e+01
3.782999999991443474e+01
3.598399999987668707e+01
3.485199999994438258e+01
3.393399999988469062e+01
3.288799999997354462e+01
3.095399999988876516e+01
3.026799999996364932e+01
2.749199999991105869e+01
2.610199999994802056e+01
2.461799999994400423e+01
2.383399999993707752e+01
2.194999999992796802e+01
2.111999999996987754e+01
2.603999999996085535e+01
1.857799999992857920e+01
1.805199999997421401e+01
1.710799999995288090e+01
1.689599999997517443e+01
1.678399999995235703e+01
1.646999999996114639e+01
1.669199999994452810e+01
1.645399999999790452e+01
1.637999999995008693e+01
1.611400000000867294e+01
3.990400000011504744e+01
1.602800000006754999e+01
1.538600000004953472e+01
1.494600000007631024e+01
1.449800000005052425e+01
1.376600000009784708e+01
1.300200000007680501e+01
1.303000000004249159e+01
1.261600000005273614e+01
1.211000000005878974e+01
1.232400000005509355e+01
1.141800000005241600e+01
1.171600000005491893e+01
1.103200000007927883e+01
1.092200000003504101e+01
1.126800000005096081e+01
1.121800000005532638e+01
1.141200000005846960e+01
1.079600000005666516e+01
1.116600000004837057e+01
1.116000000006170012e+01
1.128200000002107117e+01
1.101800000009097857e+01
1.112600000002566958e+01
1.139000000005034963e+01
1.070600000005651964e+01
1.066600000004837057e+01
1.087800000007700874e+01
1.039200000005803304e+01
1.018800000002374873e+01
1.002400000004854519e+01
9.134000000041851308e+00
9.414000000055239070e+00
9.128000000047904905e+00
7.808000000019092113e+00
8.804000000061932951e+00
7.356000000014319085e+00
7.884000000027299393e+00
7.080000000059953891e+00
6.842000000026018824e+00
7.114000000001396984e+00
5.304000000061932951e+00
6.384000000012747478e+00
5.450000000040745363e+00
5.682000000029802322e+00
4.932000000022526365e+00
5.218000000000756700e+00
4.410000000039872248e+00
5.078000000015890691e+00
3.984000000025844201e+00
4.530000000027939677e+00
3.720000000015716068e+00
4.262000000009720679e+00
3.624000000039814040e+00
3.743999999984225724e+00
3.352000000049883965e+00
