1.595521800000643270e+04
1.089792999997469087e+04
1.692787999996060535e+03
6.052319999985775212e+02
2.979959999993152451e+02
1.472319999996543629e+02
9.144599999980346183e+01
7.061799999984214082e+01
5.915999999984705937e+01
5.323599999986618059e+01
4.715999999991254299e+01
4.445999999987179763e+01
4.236599999991449295e+01
4.160999999989871867e+01
4.123799999988113996e+01
4.108199999992575613e+01
3.982599999990634387e+01
3.854999999991196091e+01
3.774799999992683297e+01
3.642999999989478965e+01
3.447399999992194353e+01
3.265599999991172808e+01
3.268599999995058170e+01
3.115199999993637903e+01
2.931399999990753713e+01
2.821399999995628605e+01
2.644599999991987715e+01
2.511199999994278187e+01
2.372199999993972597e+01
2.257399999994959217e+01
2.041799999995419057e+01
1.991199999995660619e+01
2.479199999993943493e+01
1.805399999996370752e+01
1.689799999994647806e+01
1.640999999995619874e+01
1.630599999997502891e+01
1.598399999995308463e+01
1.529599999998390558e+01
1.525999999996201950e+01
1.554399999997986015e+01
1.557000000000334694e+01
1.523199999996722909e+01
3.723000000010870281e+01
1.495200000005934271e+01
1.474800000007599010e+01
1.420800000010422082e+01
1.355000000003929017e+01
1.290800000005765469e+01
1.254000000005544280e+01
1.251000000008207280e+01
1.174200000003838795e+01
1.127800000003844616e+01
1.162400000006164191e+01
1.074400000006426126e+01
1.099000000003434252e+01
1.104000000006271875e+01
1.072200000005614129e+01
1.064200000003620517e+01
1.062200000005759648e+01
1.028400000006513437e+01
1.041600000002654269e+01
1.045600000005288166e+01
1.079600000006394112e+01
1.104400000005625770e+01
1.043000000004758476e+01
1.054400000005989568e+01
1.093000000002939487e+01
1.011800000004222966e+01
1.010000000006039045e+01
1.043600000006335904e+01
9.764000000035593985e+00
9.548000000031606760e+00
9.514000000057421857e+00
8.568000000024767360e+00
8.750000000083673513e+00
8.608000000022002496e+00
7.414000000000669388e+00
8.232000000065454515e+00
6.652000000027328497e+00
7.510000000042055035e+00
6.522000000026309863e+00
6.274000000033993274e+00
6.470000000037543941e+00
5.348000000001775334e+00
5.942000000042753527e+00
5.186000000034255208e+00
5.256000000012136297e+00
4.886000000031344825e+00
4.950000000000727596e+00
4.276000000045314664e+00
4.588000000028841896e+00
3.955999999998311978e+00
4.346000000012281816e+00
3.434000000048399670e+00
3.930000000018480932e+00
3.417999999979656423e+00
3.800000000028376235e+00
3.326000000008207280e+00
