5.276719999999729680e+02
9.438860000000497621e+02
1.012562000000129501e+03
1.014189999999441625e+03
9.152679999994961690e+02
9.829300000010407530e+02
1.035444000001253698e+03
1.061976000001293869e+03
1.034010000001265325e+03
1.000535999999345222e+03
9.931499999977022526e+02
1.011543999997651554e+03
1.027925999997627514e+03
1.001371999997683815e+03
9.290419999978385022e+02
8.342759999980680732e+02
9.080679999978856358e+02
9.031399999979039421e+02
8.329339999980402354e+02
4.592600000020174775e+02
