1.533174000000649721e+04
1.056231799997543021e+04
1.694357999996031140e+03
5.930239999986188195e+02
2.967179999993240926e+02
1.474319999996660044e+02
9.301199999977325206e+01
7.156999999979598215e+01
5.999399999987508636e+01
5.372399999990739161e+01
4.730399999986912007e+01
4.443999999992593075e+01
4.340599999987898627e+01
4.202999999990061042e+01
4.222399999988556374e+01
4.171999999991021468e+01
4.065799999990485958e+01
3.920799999989321805e+01
3.748399999992761877e+01
3.611199999992095400e+01
3.395399999992150697e+01
3.278399999993052916e+01
3.181599999991522054e+01
3.086199999992822995e+01
2.906799999994836980e+01
2.796999999993568053e+01
2.582999999992171070e+01
2.466599999993923120e+01
2.340599999995538383e+01
2.193599999996149563e+01
2.054599999996207771e+01
1.992999999992753146e+01
2.396599999996033148e+01
1.720999999994819518e+01
1.620999999994819518e+01
1.589599999998608837e+01
1.526799999996728729e+01
1.504799999995157123e+01
1.491399999997884152e+01
1.496799999996437691e+01
1.519999999998253770e+01
1.534200000002238085e+01
1.511600000003090827e+01
3.632200000014199759e+01
1.451000000007479684e+01
1.411800000006041955e+01
1.358800000007249764e+01
1.282800000007046037e+01
1.258400000004985486e+01
1.160800000005110633e+01
1.184200000005876063e+01
1.136000000006606570e+01
1.103200000006108894e+01
1.145400000005247421e+01
1.048199999999997090e+01
1.046200000007229391e+01
1.062200000006487244e+01
1.003600000004371395e+01
1.034400000003006426e+01
1.035000000009677024e+01
1.025800000001981971e+01
1.011400000007779454e+01
9.964000000021769665e+00
1.059600000007412746e+01
1.035200000004624599e+01
9.988000000015745172e+00
1.034800000006725895e+01
1.040200000005643233e+01
9.880000000037398422e+00
1.011200000003736932e+01
1.024400000006789924e+01
9.670000000038271537e+00
9.380000000030122465e+00
9.488000000044849003e+00
8.258000000067113433e+00
8.636000000027706847e+00
8.106000000047060894e+00
7.256000000015774276e+00
7.800000000039290171e+00
6.692000000010011718e+00
7.006000000055792043e+00
6.494000000027881470e+00
6.022000000055413693e+00
6.514000000002852175e+00
5.102000000024418114e+00
5.628000000036990969e+00
4.826000000026397174e+00
4.948000000007596100e+00
4.508000000041647581e+00
4.776000000016210834e+00
4.001999999993131496e+00
4.488000000037573045e+00
3.648000000022875611e+00
4.252000000011321390e+00
3.406000000013591489e+00
3.788000000022293534e+00
3.280000000009749783e+00
3.438000000009196810e+00
3.042000000034022378e+00
