1.401131999999927530e+03
2.494512000000128864e+03
2.692636000000356034e+03
2.688183999998503168e+03
2.430399999998664498e+03
2.613698000002748813e+03
2.754112000003377034e+03
2.833780000003469468e+03
2.753288000003354682e+03
2.664601999998158135e+03
2.646063999993843026e+03
2.687989999993744277e+03
2.741015999993571313e+03
2.666997999993836856e+03
2.467831999994217767e+03
2.198689999994901882e+03
2.395851999994411017e+03
2.394937999994428537e+03
2.194463999994914047e+03
1.212770000005453767e+03
