1.548240800000658783e+04
1.067779999997515552e+04
1.715523999995992199e+03
6.027319999986066250e+02
2.995879999993012461e+02
1.497839999996431288e+02
9.416599999978643609e+01
7.214799999985189061e+01
6.101999999983672751e+01
5.407799999988492345e+01
4.873599999989528442e+01
4.483999999986917828e+01
4.338599999990401557e+01
4.254599999991842196e+01
4.174999999989449861e+01
4.189999999989231583e+01
4.140799999990849756e+01
3.923599999989892240e+01
3.812199999990843935e+01
3.638399999991816003e+01
3.458199999991848017e+01
3.308799999994153040e+01
3.208999999991647201e+01
3.114399999993838719e+01
2.945999999991909135e+01
2.826999999992767698e+01
2.635399999995206599e+01
2.487599999994199607e+01
2.357599999996455153e+01
2.239199999993434176e+01
2.066399999993882375e+01
1.926399999994100654e+01
2.420199999996111728e+01
1.729999999997380655e+01
1.638799999994807877e+01
1.585399999994115205e+01
1.555399999999281135e+01
1.578999999997904524e+01
1.540799999994851532e+01
1.534799999995448161e+01
1.490200000001277658e+01
1.574999999999272404e+01
1.508600000003207242e+01
3.680800000017188722e+01
1.487000000005355105e+01
1.438800000006085611e+01
1.387000000007174094e+01
1.289200000007258495e+01
1.290200000006007031e+01
1.203800000005139736e+01
1.199800000005416223e+01
1.171200000005046604e+01
1.115200000006007031e+01
1.115200000004188041e+01
1.080000000006839400e+01
1.057400000004417961e+01
1.067200000004231697e+01
9.976000000035128323e+00
1.028200000007564086e+01
1.060400000006120536e+01
1.024400000003515743e+01
1.012400000004709000e+01
1.031400000004941830e+01
1.066400000004068715e+01
1.058000000007814378e+01
1.004800000002069282e+01
1.023600000008445932e+01
1.045000000001164153e+01
9.826000000059138983e+00
1.012600000005477341e+01
1.044400000003952300e+01
9.626000000051135430e+00
9.354000000039377483e+00
9.552000000057887519e+00
8.488000000012107193e+00
8.872000000068510417e+00
8.872000000028492650e+00
7.206000000052881660e+00
8.182000000018888386e+00
6.846000000041385647e+00
7.174000000053638360e+00
6.216000000014901161e+00
6.090000000025611371e+00
6.524000000008527422e+00
5.104000000046653440e+00
5.686000000008789357e+00
4.962000000046828063e+00
5.034000000010564690e+00
4.604000000024825567e+00
4.794000000019877916e+00
3.946000000007188646e+00
4.590000000047439244e+00
3.742000000016560080e+00
4.214000000021769665e+00
3.382000000015978003e+00
3.786000000040075975e+00
3.283999999992374796e+00
3.500000000007275958e+00
3.276000000023486791e+00
