1.824287400000779598e+04
1.261250199997069649e+04
2.006949999995358667e+03
7.149699999982913141e+02
3.503519999991985969e+02
1.698439999996044207e+02
1.051039999997665291e+02
8.186999999980616849e+01
6.887399999983608723e+01
6.159399999985907925e+01
5.485599999986152397e+01
5.167799999989074422e+01
4.914999999988503987e+01
4.814199999987613410e+01
4.864199999990523793e+01
4.708599999988655327e+01
4.613199999988864874e+01
4.453199999991193181e+01
4.331199999988893978e+01
4.137999999987368938e+01
3.885199999994802056e+01
3.787199999990843935e+01
3.717199999991862569e+01
3.565999999992345693e+01
3.385199999989708886e+01
3.256399999996210681e+01
3.022799999988637865e+01
2.862999999994644895e+01
2.732399999994231621e+01
2.586999999993713573e+01
2.395999999997002305e+01
2.308199999987118645e+01
2.836799999998038402e+01
2.048599999990256038e+01
1.913200000000506407e+01
1.888599999993311940e+01
1.902199999997537816e+01
1.870599999994738027e+01
1.838999999997759005e+01
1.812999999994644895e+01
1.783999999995285179e+01
1.855599999996775296e+01
1.818999999997322448e+01
4.336399999995774124e+01
1.768000000005849870e+01
1.721600000008038478e+01
1.654200000005948823e+01
1.589800000010291114e+01
1.534600000002683373e+01
1.463400000010005897e+01
1.461000000005151378e+01
1.414000000009400537e+01
1.311400000003777677e+01
1.365200000006734626e+01
1.277200000009179348e+01
1.308200000004580943e+01
1.259600000007048948e+01
1.210000000003492460e+01
1.244800000005488982e+01
1.216200000008393545e+01
1.236600000004546018e+01
1.221000000005005859e+01
1.233800000006158371e+01
1.251800000005459879e+01
1.261800000006769551e+01
1.192000000004918547e+01
1.244000000006053597e+01
1.247800000006827759e+01
1.190800000003946479e+01
1.183600000004662434e+01
1.235800000008748611e+01
1.155800000002636807e+01
1.137200000013399404e+01
1.110800000000745058e+01
1.005600000006234040e+01
1.029800000000250293e+01
1.015000000005966285e+01
8.654000000045925844e+00
9.580000000038126018e+00
8.392000000028929207e+00
8.612000000088301022e+00
7.738000000026659109e+00
7.484000000011292286e+00
7.766000000032363459e+00
6.144000000051164534e+00
7.070000000028812792e+00
6.072000000000116415e+00
6.194000000054074917e+00
5.576000000022759195e+00
5.856000000021595042e+00
4.996000000006461050e+00
5.476000000053318217e+00
4.393999999978404958e+00
5.060000000055879354e+00
4.330000000045401976e+00
4.917999999997846317e+00
3.941999999988183845e+00
4.326000000044587068e+00
3.882000000034167897e+00
