1.474403999999924963e+03
2.639992000000129337e+03
2.848920000000391155e+03
2.835885999998424268e+03
2.562059999998587955e+03
2.774896000002845540e+03
2.917670000003561654e+03
3.007200000003671448e+03
2.925446000003583322e+03
2.822023999998131330e+03
2.804263999993501784e+03
2.855211999993345671e+03
2.919575999993252481e+03
2.826749999993357051e+03
2.635679999993859383e+03
2.339729999994633545e+03
2.527929999994084937e+03
2.528267999994110141e+03
2.323475999994530866e+03
1.280104000005841954e+03
