1.712672400000735433e+04
1.182663599997252095e+04
1.915675999995532038e+03
6.791899999984052556e+02
3.362139999992286903e+02
1.665479999995914113e+02
1.029859999997752311e+02
7.980199999978503911e+01
6.731399999987843330e+01
5.864799999985189061e+01
5.356999999989420758e+01
4.930799999986629700e+01
4.784399999989182106e+01
4.686999999988620402e+01
4.650399999988803756e+01
4.599399999991146615e+01
4.458999999986917828e+01
4.283399999992252560e+01
4.162999999989915523e+01
3.993199999991338700e+01
3.793799999993643723e+01
3.684199999988049967e+01
3.582399999992776429e+01
3.396799999990616925e+01
3.229399999993620440e+01
3.159599999991769437e+01
2.924599999994097743e+01
2.735199999994074460e+01
2.616999999992549419e+01
2.460199999994074460e+01
2.253399999995599501e+01
2.220799999994051177e+01
2.656999999994877726e+01
1.891599999996105907e+01
1.833199999995849794e+01
1.739599999994970858e+01
1.763399999994726386e+01
1.721799999997892883e+01
1.715399999994406244e+01
1.699399999997694977e+01
1.671999999997933628e+01
1.714199999998527346e+01
1.666000000003987225e+01
4.085000000015861588e+01
1.678000000005704351e+01
1.586600000007456401e+01
1.531000000007043127e+01
1.465400000010413351e+01
1.391400000008434290e+01
1.324200000004202593e+01
1.357200000005832408e+01
1.268800000005285256e+01
1.207400000006600749e+01
1.248200000006181654e+01
1.211400000005232869e+01
1.175000000005820766e+01
1.192400000005727634e+01
1.140800000003946479e+01
1.124800000005052425e+01
1.132400000007328345e+01
1.117200000002776505e+01
1.123200000007636845e+01
1.140600000004633330e+01
1.172000000008847564e+01
1.136000000001513399e+01
1.103800000003684545e+01
1.138000000009196810e+01
1.158000000003085006e+01
1.107400000004417961e+01
1.075600000008125789e+01
1.114200000006530900e+01
1.043000000002939487e+01
1.026400000003195601e+01
1.059400000006280607e+01
9.130000000041036401e+00
9.942000000053667463e+00
9.376000000047497451e+00
7.960000000035506673e+00
8.744000000027881470e+00
7.596000000048661605e+00
7.866000000001804437e+00
6.902000000052794348e+00
6.826000000030035153e+00
7.086000000061176252e+00
5.549999999981082510e+00
6.234000000069499947e+00
5.344000000048254151e+00
5.745999999991909135e+00
5.062000000034458935e+00
5.248000000014144462e+00
4.606000000036146957e+00
4.948000000040337909e+00
4.121999999995750841e+00
4.800000000032014214e+00
3.833999999973457307e+00
4.390000000064901542e+00
3.668000000034226105e+00
3.976000000002386514e+00
3.509999999994761311e+00
