5.112799999999740521e+02
9.117600000000468299e+02
9.792740000001313092e+02
9.833759999994563259e+02
8.888739999995104881e+02
9.516120000009968862e+02
9.993420000012156379e+02
1.028222000001253946e+03
9.959720000012084711e+02
9.709499999994495738e+02
9.683559999977533153e+02
9.824179999977186526e+02
1.001809999997678460e+03
9.777059999977318512e+02
9.079879999978893466e+02
8.122279999981201399e+02
8.808299999979535642e+02
8.757119999979804561e+02
8.083539999981185247e+02
4.470980000019553700e+02
