9.596279999999510437e+02
1.709954000000092037e+03
1.837562000000231819e+03
1.842333999998987565e+03
1.669831999999076288e+03
1.784042000001907581e+03
1.871898000002285698e+03
1.927202000002354907e+03
1.873012000002288914e+03
1.816097999998813975e+03
1.806299999995801045e+03
1.829965999995740276e+03
1.862597999995639839e+03
1.813959999995804537e+03
1.685189999996080587e+03
1.516391999996438244e+03
1.653707999996175204e+03
1.641931999996166269e+03
1.514419999996443948e+03
8.371980000037256104e+02
