7.690599999999601550e+02
1.364876000000073191e+03
1.467708000000188349e+03
1.472785999999184696e+03
1.340223999999259831e+03
1.423716000001532848e+03
1.488286000001820867e+03
1.532622000001872948e+03
1.491018000001815381e+03
1.450153999999136431e+03
1.443493999996637285e+03
1.459133999996602142e+03
1.486305999996533501e+03
1.447207999996619037e+03
1.344241999996869708e+03
1.220749999997162377e+03
1.324427999996907602e+03
1.311037999996930012e+03
1.217615999997171457e+03
6.772700000029144576e+02
