1.380137400000574416e+04
9.464483999977936037e+03
1.509441999996492086e+03
5.278779999987818883e+02
2.648019999993775855e+02
1.337379999997028790e+02
8.368399999976827530e+01
6.388199999985590694e+01
5.383199999988210038e+01
4.752199999988442869e+01
4.234999999990759534e+01
4.036599999989994103e+01
3.843199999990974902e+01
3.817799999993076199e+01
3.829599999991114601e+01
3.756799999991926597e+01
3.657399999987683259e+01
3.534799999993265374e+01
3.418999999990774086e+01
3.292999999993116944e+01
3.095599999994374230e+01
3.011399999992136145e+01
2.964599999992060475e+01
2.808399999994435348e+01
2.617399999993358506e+01
2.535599999995974940e+01
2.356399999995119288e+01
2.216599999992104131e+01
2.080199999997421401e+01
2.003199999994467362e+01
1.857399999993504025e+01
1.744999999997526174e+01
2.104399999994711834e+01
1.538199999995413236e+01
1.432399999997505802e+01
1.424399999997694977e+01
1.369799999997849227e+01
1.375799999994706013e+01
1.372399999998015119e+01
1.332199999997828854e+01
1.327600000000893488e+01
1.393000000003303285e+01
1.323800000005940092e+01
3.223400000014225952e+01
1.290200000006734626e+01
1.253000000005340553e+01
1.232800000005227048e+01
1.162000000004991307e+01
1.116400000004068715e+01
1.054200000008495408e+01
1.040400000004592584e+01
1.018400000003748573e+01
9.798000000057072612e+00
9.994000000042433385e+00
9.572000000047410140e+00
9.284000000028754584e+00
9.446000000069034286e+00
8.818000000042957254e+00
9.078000000015890691e+00
9.118000000056781573e+00
8.866000000045460183e+00
8.580000000038126018e+00
9.082000000045809429e+00
9.236000000037165591e+00
9.390000000050349627e+00
8.784000000039668521e+00
9.240000000067084329e+00
9.108000000000174623e+00
8.936000000056083081e+00
8.708000000064203050e+00
9.074000000040541636e+00
8.596000000037747668e+00
8.064000000034866389e+00
8.426000000035855919e+00
7.560000000030413503e+00
7.758000000038009603e+00
7.444000000039523002e+00
6.572000000029220246e+00
7.320000000039726729e+00
5.994000000020605512e+00
6.424000000031810487e+00
5.726000000035128323e+00
5.332000000031257514e+00
5.660000000010768417e+00
4.622000000021216692e+00
5.020000000044092303e+00
4.462000000003172318e+00
4.612000000011903467e+00
4.114000000023224857e+00
4.192000000028201612e+00
3.524000000015803380e+00
4.206000000005587935e+00
3.250000000043655746e+00
3.811999999987165211e+00
2.988000000048486982e+00
3.269999999993160600e+00
2.790000000019063009e+00
3.082000000020343577e+00
2.619999999984429451e+00
