1.285833999999934122e+03
2.294230000000115069e+03
2.469060000000333275e+03
2.477649999998627209e+03
2.236003999998758445e+03
2.404302000002551722e+03
2.534514000003076944e+03
2.604038000003200068e+03
2.533378000003085617e+03
2.447445999998304615e+03
2.433557999994358397e+03
2.467147999994234851e+03
2.518849999994108657e+03
2.451045999994312297e+03
2.269837999994721031e+03
2.020389999995284597e+03
2.205021999994896760e+03
2.207019999994830869e+03
2.020959999995291582e+03
1.116468000005035719e+03
