1.040461999999946329e+03
1.847752000000095904e+03
1.985494000000274809e+03
1.996269999998895400e+03
1.811665999998999723e+03
1.931360000002003289e+03
2.031050000002471279e+03
2.083012000002547211e+03
2.030802000002469867e+03
1.976953999998950167e+03
1.966435999995424936e+03
1.996405999995382444e+03
2.038055999995271122e+03
1.988019999995354738e+03
1.847847999995705322e+03
1.660399999996145198e+03
1.794445999995830789e+03
1.785077999995850405e+03
1.646185999996167084e+03
9.138700000040189479e+02
