1.538947999999921649e+03
2.756694000000141841e+03
2.965728000000375687e+03
2.961733999998361469e+03
2.671285999998539410e+03
2.887480000003050009e+03
3.034502000003709327e+03
3.120428000003812485e+03
3.030724000003690890e+03
2.930403999997921346e+03
2.913957999993224803e+03
2.964165999993085279e+03
3.023717999992957630e+03
2.944285999993153382e+03
2.725821999993662757e+03
2.417471999994311773e+03
2.625625999993884761e+03
2.621921999993923237e+03
2.401851999994447397e+03
1.326098000005957147e+03
