1.439354000000600900e+04
9.883289999976970648e+03
1.577429999996300467e+03
5.527679999987158226e+02
2.746899999993838719e+02
1.394499999996805855e+02
8.678199999980643042e+01
6.676999999984036549e+01
5.609999999987121555e+01
4.957799999986309558e+01
4.441199999992386438e+01
4.168599999987418414e+01
4.001999999992403900e+01
3.913199999989956268e+01
3.938199999990683864e+01
3.924399999990782817e+01
3.750799999992159428e+01
3.681999999990875949e+01
3.561199999993186793e+01
3.356799999989380012e+01
3.224799999992319499e+01
3.075199999994947575e+01
3.031399999991845107e+01
2.887799999993148958e+01
2.714599999995334656e+01
2.638799999991897494e+01
2.456799999994836980e+01
2.284999999994397513e+01
2.228399999995599501e+01
2.061399999995046528e+01
1.919399999993765960e+01
1.841999999997642590e+01
2.242599999994126847e+01
1.586399999997593113e+01
1.513199999996140832e+01
1.442599999997764826e+01
1.451399999993373058e+01
1.423199999997450504e+01
1.419599999998172279e+01
1.414999999999054126e+01
1.399600000001009903e+01
1.418600000001606531e+01
1.351000000003114110e+01
3.408000000013635145e+01
1.339200000009077485e+01
1.290400000004228787e+01
1.278600000008009374e+01
1.204000000006999471e+01
1.139400000006571645e+01
1.099600000004647882e+01
1.111000000004787580e+01
1.048400000004403410e+01
1.017800000004717731e+01
1.054800000005707261e+01
9.718000000022584572e+00
1.008000000005995389e+01
9.790000000059080776e+00
9.392000000028929207e+00
9.400000000063300831e+00
9.628000000044266926e+00
9.428000000028987415e+00
9.306000000047788490e+00
9.538000000058673322e+00
9.800000000013824319e+00
9.636000000067724613e+00
9.352000000042608008e+00
9.776000000070780516e+00
9.796000000009371433e+00
9.352000000046245987e+00
9.130000000066502253e+00
9.308000000055471901e+00
8.946000000021740561e+00
8.684000000052037649e+00
8.620000000031723175e+00
7.542000000023108441e+00
8.208000000049651135e+00
7.808000000044557964e+00
6.544000000038067810e+00
7.410000000028958311e+00
6.334000000017113052e+00
6.778000000034808181e+00
5.898000000048341462e+00
5.780000000009749783e+00
6.002000000033149263e+00
4.614000000026862836e+00
5.204000000001542503e+00
4.700000000040745363e+00
4.950000000029831426e+00
4.094000000015512342e+00
4.492000000031111995e+00
3.860000000000582077e+00
4.296000000034837285e+00
3.356000000014319085e+00
4.034000000021478627e+00
3.153999999991356162e+00
3.516000000050553354e+00
3.034000000006926712e+00
3.260000000020227162e+00
2.867999999998573912e+00
