1.581304200000670971e+04
1.090184799997462687e+04
1.750175999995917664e+03
6.140999999985506292e+02
3.067519999993019155e+02
1.526419999996396655e+02
9.590599999979531276e+01
7.295999999980995199e+01
6.187599999986923649e+01
5.441199999988748459e+01
4.923799999985567410e+01
4.522999999990133801e+01
4.447799999989729258e+01
4.342999999989478965e+01
4.342199999992590165e+01
4.341799999986687908e+01
4.152999999992243829e+01
3.984399999988454510e+01
3.854599999990750803e+01
3.726999999992767698e+01
3.546799999991708319e+01
3.374199999992197263e+01
3.349799999991955701e+01
3.121599999993122765e+01
3.003999999993538950e+01
2.881199999992531957e+01
2.667599999994854443e+01
2.530599999992773519e+01
2.363199999995413236e+01
2.273199999995267717e+01
2.116799999994327663e+01
2.013999999993393430e+01
2.460999999993146048e+01
1.764199999998527346e+01
1.694199999995908001e+01
1.594999999994979589e+01
1.606999999996696715e+01
1.572599999997328268e+01
1.566999999996551196e+01
1.536799999996219412e+01
1.526200000000244472e+01
1.527800000002389424e+01
1.523400000003675814e+01
3.765600000015183468e+01
1.514000000008672941e+01
1.450600000006306800e+01
1.425000000004729372e+01
1.308000000008178176e+01
1.310200000006807386e+01
1.237800000004790490e+01
1.226000000005296897e+01
1.192600000007587369e+01
1.126600000003600144e+01
1.148000000006140908e+01
1.053400000003966852e+01
1.073800000004484900e+01
1.089400000004752656e+01
1.054400000005261973e+01
1.020800000005328911e+01
1.057000000004336471e+01
1.035400000006848131e+01
1.020600000004560570e+01
1.060000000003492460e+01
1.065200000006370828e+01
1.053800000006594928e+01
1.036800000001312583e+01
1.047000000006664777e+01
1.072400000005291076e+01
1.010000000005675247e+01
1.001600000005055335e+01
1.020600000004924368e+01
9.822000000047410140e+00
9.594000000048254151e+00
9.410000000025320332e+00
8.352000000046245987e+00
9.148000000055617420e+00
8.672000000009575160e+00
7.256000000063068001e+00
8.046000000034837285e+00
7.216000000033091055e+00
7.404000000042287866e+00
6.500000000014551915e+00
6.430000000036670826e+00
6.662000000033003744e+00
5.214000000036321580e+00
5.768000000025494955e+00
5.172000000009575160e+00
5.206000000045605702e+00
4.760000000005675247e+00
4.836000000010244548e+00
4.160000000021682354e+00
4.584000000046216883e+00
3.652000000016414560e+00
4.386000000020430889e+00
3.348000000016327249e+00
4.053999999978259439e+00
3.228000000046449713e+00
3.534000000014202669e+00
3.288000000022293534e+00
