1.676013800000723495e+04
1.158510399997301283e+04
1.874281999995644583e+03
6.635759999984475144e+02
3.300499999992243829e+02
1.627719999996552360e+02
1.014179999997468258e+02
7.815399999979854329e+01
6.596799999984068563e+01
5.863199999989592470e+01
5.178199999986827606e+01
4.872999999989406206e+01
4.679999999987558112e+01
4.602799999988201307e+01
4.541199999992022640e+01
4.517199999989679782e+01
4.353599999988000491e+01
4.237799999990966171e+01
4.057399999989138450e+01
3.939399999992019730e+01
3.716999999990730430e+01
3.548999999992884113e+01
3.493799999991824734e+01
3.406199999991076766e+01
3.161199999996460974e+01
3.067799999987983028e+01
2.805999999994673999e+01
2.680199999995238613e+01
2.545599999991463847e+01
2.392199999995136750e+01
2.239599999995698454e+01
2.152599999994708924e+01
2.625199999993856181e+01
1.886199999996824772e+01
1.782599999993544770e+01
1.714399999995293911e+01
1.703999999999723514e+01
1.670599999996193219e+01
1.693599999995421967e+01
1.665999999997075065e+01
1.629199999994307291e+01
1.647400000001653098e+01
1.614600000001883018e+01
3.975600000013218960e+01
1.565200000006370828e+01
1.526800000009461655e+01
1.491600000006656046e+01
1.444800000008763163e+01
1.392600000003585592e+01
1.320600000006379560e+01
1.305200000006880146e+01
1.253800000008777715e+01
1.238800000006449409e+01
1.231800000003568130e+01
1.176600000003963942e+01
1.158800000006885966e+01
1.142200000003504101e+01
1.104800000005343463e+01
1.142600000005040783e+01
1.111800000008952338e+01
1.117400000003544847e+01
1.088400000005640322e+01
1.121200000003591413e+01
1.149000000007799827e+01
1.150600000004487811e+01
1.090400000004592584e+01
1.147800000007555354e+01
1.128800000005867332e+01
1.102400000002671732e+01
1.091200000006210757e+01
1.114400000007299241e+01
1.046800000001530861e+01
1.013400000006367918e+01
1.010600000003614696e+01
9.182000000058906153e+00
9.664000000033411197e+00
9.210000000035506673e+00
7.754000000029918738e+00
8.638000000057218131e+00
7.408000000039464794e+00
7.800000000017462298e+00
6.728000000061001629e+00
6.697999999989406206e+00
7.026000000048952643e+00
5.594000000011874363e+00
6.184000000066589564e+00
5.454000000027008355e+00
5.746000000035564881e+00
4.992000000005646143e+00
5.096000000055937562e+00
4.667999999997846317e+00
5.028000000034808181e+00
3.990000000012514647e+00
4.608000000000174623e+00
3.660000000061700121e+00
4.260000000009313226e+00
3.656000000009953510e+00
3.957999999998719431e+00
3.338000000010652002e+00
