1.951489800000861214e+04
1.356297999996840736e+04
2.204795999994857993e+03
7.841879999981683795e+02
3.850799999991140794e+02
1.890999999995692633e+02
1.182939999997179257e+02
9.078399999975226820e+01
7.663599999986035982e+01
6.670999999986815965e+01
5.960599999982514419e+01
5.580399999988003401e+01
5.345799999986775219e+01
5.292199999991134973e+01
5.128799999986949842e+01
5.219599999987258343e+01
4.958999999990192009e+01
4.850399999989895150e+01
4.741199999982927693e+01
4.496399999994173413e+01
4.224799999989045318e+01
4.172599999988597119e+01
4.044799999994575046e+01
3.869399999988672789e+01
3.593999999991501682e+01
3.511999999991530785e+01
3.304199999987758929e+01
3.062199999998847488e+01
2.975599999989935895e+01
2.794199999993725214e+01
2.602599999992526136e+01
2.469999999995343387e+01
3.061599999993632082e+01
2.212599999996746192e+01
2.138999999993393430e+01
2.042599999993399251e+01
1.993799999994371319e+01
1.981599999996979022e+01
1.968600000001606531e+01
1.948999999992520316e+01
1.924399999990419019e+01
1.978799999997136183e+01
1.919599999997444684e+01
4.731000000007770723e+01
1.932400000008055940e+01
1.862800000005518086e+01
1.740200000010372605e+01
1.673000000003958121e+01
1.651400000009016367e+01
1.575800000011076918e+01
1.579800000004615868e+01
1.519200000009732321e+01
1.399600000005739275e+01
1.502000000006955815e+01
1.358800000003975583e+01
1.371800000005896436e+01
1.340600000007543713e+01
1.330000000006111804e+01
1.307000000005064066e+01
1.346000000009371433e+01
1.342600000008678762e+01
1.298800000003393507e+01
1.310600000008707866e+01
1.365200000003096648e+01
1.364200000006530900e+01
1.281600000007892959e+01
1.340000000008149073e+01
1.306400000004214235e+01
1.281800000004295725e+01
1.291400000005523907e+01
1.288200000009965152e+01
1.271800000002986053e+01
1.208200000006036134e+01
1.219000000007508788e+01
1.066000000003987225e+01
1.150400000004447065e+01
1.072200000005250331e+01
9.422000000064144842e+00
1.018800000003830064e+01
8.840000000047439244e+00
9.156000000046333298e+00
8.480000000032305252e+00
8.030000000064319465e+00
8.310000000019499566e+00
6.788000000036845449e+00
7.550000000017462298e+00
6.414000000026135240e+00
6.944000000054074917e+00
6.128000000047904905e+00
6.209999999991850927e+00
5.384000000041851308e+00
5.858000000043830369e+00
4.752000000000407454e+00
5.692000000053667463e+00
4.624000000017986167e+00
4.880000000041036401e+00
4.271999999960826244e+00
4.664000000062515028e+00
4.194000000032247044e+00
