1.076051999999945110e+03
1.914574000000098295e+03
2.051860000000274795e+03
2.054671999998864521e+03
1.864583999998956642e+03
1.993268000002082772e+03
2.095198000002566914e+03
2.155960000002631205e+03
2.094980000002566157e+03
2.034939999998852727e+03
2.028061999995301449e+03
2.059053999995187041e+03
2.100935999995144812e+03
2.049915999995191669e+03
1.901987999995577411e+03
1.708481999996005470e+03
1.848753999995715276e+03
1.839145999995693273e+03
1.700081999996065861e+03
9.429360000041269814e+02
