8.765119999999553784e+02
1.552704000000081351e+03
1.665662000000222179e+03
1.679655999999072264e+03
1.522005999999165397e+03
1.619420000001729932e+03
1.700620000002063534e+03
1.748526000002137152e+03
1.699956000002077417e+03
1.649649999999004649e+03
1.638401999996183804e+03
1.660481999996136437e+03
1.693815999996051687e+03
1.652257999996149010e+03
1.541317999996426806e+03
1.391339999996773258e+03
1.510771999996468367e+03
1.494487999996523286e+03
1.383173999996775819e+03
7.672720000033550605e+02
