8.902119999999541733e+02
1.576886000000086369e+03
1.692298000000213051e+03
1.703869999999054016e+03
1.541475999999147461e+03
1.641476000001782268e+03
1.723934000002109315e+03
1.771648000002149274e+03
1.723090000002113811e+03
1.674361999998925967e+03
1.666619999996104525e+03
1.689609999996078841e+03
1.714919999996000115e+03
1.670037999996122380e+03
1.546067999996390427e+03
1.396595999996749015e+03
1.528245999996444880e+03
1.514639999996459665e+03
1.399107999996744184e+03
7.752340000034164404e+02
