9.068859999999530146e+02
1.609622000000086700e+03
1.725834000000224478e+03
1.737909999999034881e+03
1.573717999999125823e+03
1.678308000001806249e+03
1.762960000002161905e+03
1.807974000002210232e+03
1.759246000002145593e+03
1.707483999998914442e+03
1.699407999996059516e+03
1.723859999995973340e+03
1.753533999995932390e+03
1.711951999996006634e+03
1.587967999996290018e+03
1.432571999996675004e+03
1.559495999996386672e+03
1.543861999996406666e+03
1.426083999996659259e+03
7.903440000034897821e+02
