1.800000000000001321e-01
3.340000000000001856e-01
2.640000000000002345e-01
3.740000000000002212e-01
2.140000000000001901e-01
1.980000000000001759e-01
3.200000000000002842e-01
3.959999999999690434e-01
3.559999999999607923e-01
3.139999999999654179e-01
2.599999999999713651e-01
2.379999999999737881e-01
3.039999999999665192e-01
2.359999999999740083e-01
1.999999999999784173e-01
2.579999999999715854e-01
3.259999999999640963e-01
3.259999999999640963e-01
3.199999999999647571e-01
1.879999999999792948e-01
