1.853699800000817777e+04
1.287212399997000830e+04
2.102649999995115650e+03
7.495639999982668087e+02
3.682039999991102377e+02
1.810519999996104161e+02
1.118019999997122795e+02
8.676199999980599387e+01
7.257599999981903238e+01
6.362199999985750765e+01
5.718799999985640170e+01
5.352799999988928903e+01
5.182799999989947537e+01
5.065799999987211777e+01
5.035999999989144271e+01
4.978199999990465585e+01
4.783399999985704198e+01
4.664599999991332879e+01
4.463599999988946365e+01
4.306599999987520278e+01
4.036799999989307253e+01
3.939599999990605284e+01
3.887999999992462108e+01
3.661799999991490040e+01
3.487999999992462108e+01
3.374799999989772914e+01
3.114799999995739199e+01
2.975799999992887024e+01
2.812199999992299126e+01
2.682199999989825301e+01
2.458999999998195563e+01
2.347199999997974373e+01
2.927599999991798541e+01
2.089399999995657708e+01
1.995199999996111728e+01
1.938399999991816003e+01
1.885999999994965037e+01
1.917999999998573912e+01
1.892199999994772952e+01
1.835799999998562271e+01
1.806599999996979022e+01
1.872999999992316589e+01
1.802800000001298031e+01
4.454400000008899951e+01
1.748800000007759081e+01
1.734600000009231735e+01
1.693800000008923234e+01
1.601400000006105984e+01
1.582200000005832408e+01
1.452800000007118797e+01
1.465600000006816117e+01
1.425800000007438939e+01
1.335800000007293420e+01
1.401200000007520430e+01
1.270600000004924368e+01
1.307200000005104812e+01
1.301200000004610047e+01
1.227600000009988435e+01
1.226600000006874325e+01
1.275000000004365575e+01
1.251800000006915070e+01
1.248000000006140908e+01
1.233400000004621688e+01
1.296800000005896436e+01
1.281000000007043127e+01
1.231400000004941830e+01
1.278400000006513437e+01
1.260800000005838228e+01
1.202200000007724157e+01
1.223200000003271271e+01
1.249200000005657785e+01
1.204200000005948823e+01
1.134000000006199116e+01
1.167600000006495975e+01
1.000800000006711343e+01
1.077000000001862645e+01
1.024400000007153722e+01
8.578000000023166649e+00
9.844000000048254151e+00
8.135999999991327059e+00
8.752000000080442987e+00
7.790000000044528861e+00
7.312000000049010850e+00
7.790000000015425030e+00
6.308000000048195943e+00
7.102000000013504177e+00
6.098000000041793101e+00
6.278000000012980308e+00
5.598000000012689270e+00
5.816000000042549800e+00
4.990000000027066562e+00
5.532000000006519258e+00
4.560000000092259143e+00
5.203999999946972821e+00
4.306000000040512532e+00
4.866000000023632310e+00
4.126000000018393621e+00
4.378000000033352990e+00
3.912000000018451829e+00
