1.878244000000814776e+04
1.301689599996968172e+04
2.080589999995125254e+03
7.428879999983037123e+02
3.643159999991403311e+02
1.766139999995721155e+02
1.090419999997902778e+02
8.437999999974272214e+01
7.154199999987758929e+01
6.379199999983393354e+01
5.722599999986414332e+01
5.309799999988899799e+01
5.059799999988899799e+01
4.986999999986437615e+01
4.906199999988166383e+01
4.878799999989860225e+01
4.721199999989039497e+01
4.560599999989062781e+01
4.442799999987619231e+01
4.239599999993515667e+01
4.093799999990005745e+01
3.895599999990372453e+01
3.763399999992543599e+01
3.691199999990203651e+01
3.492399999990448123e+01
3.361399999996501720e+01
3.122399999991466757e+01
2.980999999990308424e+01
2.853999999995721737e+01
2.709199999991687946e+01
2.485799999994196696e+01
2.400399999992805533e+01
2.925199999995675171e+01
2.115399999995861435e+01
2.000999999995110556e+01
1.930599999994592508e+01
1.950199999997130362e+01
1.895399999991786899e+01
1.887599999999656575e+01
1.834599999995407416e+01
1.872399999994377140e+01
1.920599999995465623e+01
1.888399999996909173e+01
4.471799999995710095e+01
1.813200000005599577e+01
1.744800000006216578e+01
1.736200000006647315e+01
1.631000000009953510e+01
1.564600000003702007e+01
1.511800000006041955e+01
1.466800000009243377e+01
1.463000000007014023e+01
1.407800000005954644e+01
1.400000000007275958e+01
1.322000000003026798e+01
1.336200000009557698e+01
1.323400000005494803e+01
1.291600000004837057e+01
1.266600000005564652e+01
1.316200000011303928e+01
1.274600000002828892e+01
1.246200000005774200e+01
1.261000000006606570e+01
1.276600000004691537e+01
1.297000000008847564e+01
1.233200000007491326e+01
1.274600000002828892e+01
1.237800000005518086e+01
1.241000000006170012e+01
1.245400000005611219e+01
1.264800000007380731e+01
1.213200000007054769e+01
1.131000000003405148e+01
1.175000000005820766e+01
1.045800000004965113e+01
1.071200000004319008e+01
1.033600000003934838e+01
8.728000000039173756e+00
1.002800000005663605e+01
8.654000000031373929e+00
9.048000000053434633e+00
8.166000000077474397e+00
7.666000000019266736e+00
8.044000000016239937e+00
6.432000000037078280e+00
7.122000000024854671e+00
6.114000000052328687e+00
6.430000000022118911e+00
5.748000000028696377e+00
5.922000000027765054e+00
5.256000000037602149e+00
5.722000000008847564e+00
4.630000000062864274e+00
5.405999999995401595e+00
4.487999999983003363e+00
4.692000000060943421e+00
4.263999999995576218e+00
4.424000000057276338e+00
4.113999999994121026e+00
