1.410704800000587420e+04
9.681571999977495580e+03
1.545655999996419268e+03
5.415479999987401243e+02
2.714779999993406818e+02
1.357899999996989209e+02
8.571199999981035944e+01
6.601199999983873568e+01
5.489199999986522016e+01
4.876999999990584911e+01
4.336399999986679177e+01
4.084999999990031938e+01
3.933599999991929508e+01
3.913199999991775258e+01
3.845199999989927164e+01
3.863999999993029633e+01
3.750799999989976641e+01
3.565999999990162905e+01
3.495799999994778773e+01
3.350599999991027289e+01
3.153799999990951619e+01
3.059799999994720565e+01
3.000199999992764788e+01
2.831199999995442340e+01
2.701199999988966738e+01
2.583999999996740371e+01
2.397799999995186226e+01
2.275599999993937672e+01
2.135399999994479003e+01
2.011999999995168764e+01
1.865999999997438863e+01
1.790599999994083191e+01
2.182999999993626261e+01
1.586200000000462751e+01
1.514399999994566315e+01
1.432399999994595419e+01
1.386599999997997656e+01
1.435199999996984843e+01
1.384799999996175757e+01
1.378999999998632120e+01
1.355799999998998828e+01
1.403800000004048343e+01
1.356600000005710172e+01
3.367600000014135730e+01
1.330800000008093775e+01
1.273000000002502929e+01
1.226200000008248026e+01
1.170800000003509922e+01
1.178400000005422044e+01
1.085600000007252675e+01
1.079600000004938920e+01
1.045400000005611219e+01
1.004000000001906301e+01
1.012200000007578637e+01
9.552000000014231773e+00
9.656000000071799150e+00
9.132000000026891939e+00
9.164000000026135240e+00
9.430000000065774657e+00
9.450000000040745363e+00
9.450000000077125151e+00
9.222000000012485543e+00
9.030000000042491592e+00
9.720000000044819899e+00
9.730000000061409082e+00
9.012000000024272595e+00
9.256000000044878107e+00
9.458000000064203050e+00
8.886000000038620783e+00
9.140000000032159733e+00
9.122000000039406586e+00
8.706000000052881660e+00
8.488000000030297088e+00
8.546000000071217073e+00
7.562000000019907020e+00
7.966000000029453076e+00
7.710000000064610504e+00
6.462000000014086254e+00
7.348000000038155122e+00
6.194000000035885023e+00
6.564000000016676495e+00
5.770000000029540388e+00
5.410000000025320332e+00
5.908000000032188836e+00
4.658000000003085006e+00
5.128000000036990969e+00
4.488000000015745172e+00
4.630000000044674380e+00
4.086000000013882527e+00
4.356000000017957063e+00
3.762000000009720679e+00
4.172000000013213139e+00
3.278000000023894245e+00
3.762000000002444722e+00
3.250000000036379788e+00
3.664000000018859282e+00
2.890000000021245796e+00
3.231999999992694939e+00
2.822000000021944288e+00
