1.434625999999928126e+03
2.559046000000123968e+03
2.762246000000368440e+03
2.765625999998471343e+03
2.482755999998635161e+03
2.679524000002815228e+03
2.823688000003454363e+03
2.901496000003557128e+03
2.817500000003426976e+03
2.724331999998175888e+03
2.718145999993696023e+03
2.756385999993570294e+03
2.811445999993466103e+03
2.739711999993589416e+03
2.537649999994093378e+03
2.258427999994739366e+03
2.457123999994291808e+03
2.455811999994250073e+03
2.257861999994755024e+03
1.243810000005585607e+03
