1.817759400000795722e+04
1.260453399997069209e+04
2.055261999995214865e+03
7.300899999983375892e+02
3.618479999991468503e+02
1.769619999996066326e+02
1.103099999997139093e+02
8.521799999983340967e+01
7.127999999981693691e+01
6.315399999986402690e+01
5.665999999985797331e+01
5.229799999988608761e+01
5.030199999988690251e+01
4.962999999985186150e+01
4.901799999990180368e+01
4.834599999988131458e+01
4.780399999990913784e+01
4.522999999988678610e+01
4.416799999989598291e+01
4.215199999990727520e+01
4.000999999989289790e+01
3.879399999990710057e+01
3.756599999995523831e+01
3.565999999986524926e+01
3.402799999994749669e+01
3.342199999990407377e+01
3.073399999993853271e+01
2.907599999992089579e+01
2.758799999996699626e+01
2.628799999992043013e+01
2.369199999994452810e+01
2.355999999995401595e+01
2.894199999992270023e+01
2.085399999994115205e+01
1.964199999997799750e+01
1.883199999995122198e+01
1.851599999993050005e+01
1.876399999996647239e+01
1.821399999994901009e+01
1.823799999996845145e+01
1.824799999994866084e+01
1.844800000001851004e+01
1.776599999998143176e+01
4.402400000013585668e+01
1.736000000004423782e+01
1.713800000008632196e+01
1.662200000008306233e+01
1.548000000007596100e+01
1.510800000008748611e+01
1.413200000004871981e+01
1.417600000006495975e+01
1.380600000004778849e+01
1.340400000008958159e+01
1.341000000006897608e+01
1.262200000004668254e+01
1.278200000007927883e+01
1.248000000003230525e+01
1.209000000004016329e+01
1.223200000006181654e+01
1.266600000009202631e+01
1.241000000006170012e+01
1.210200000004988397e+01
1.219600000001810258e+01
1.238200000009965152e+01
1.276200000005337643e+01
1.183400000007532071e+01
1.240200000002369052e+01
1.248200000006909249e+01
1.187000000008993084e+01
1.176400000006105984e+01
1.222800000003189780e+01
1.147400000006746268e+01
1.115000000001600711e+01
1.123200000010547228e+01
9.672000000027765054e+00
1.034200000003329478e+01
1.017000000008556526e+01
8.496000000006461050e+00
9.518000000054598786e+00
8.198000000054889824e+00
8.122000000017578714e+00
7.940000000016880222e+00
7.212000000050466042e+00
7.660000000032596290e+00
6.104000000035739504e+00
6.880000000019208528e+00
5.894000000029336661e+00
6.202000000026600901e+00
5.550000000024738256e+00
5.676000000057683792e+00
4.768000000003667083e+00
5.576000000030035153e+00
4.438000000016472768e+00
5.100000000020372681e+00
4.108000000043830369e+00
4.626000000032945536e+00
4.081999999994877726e+00
4.264000000031956006e+00
3.736000000004423782e+00
