0.000000000000000000e+00
0.000000000000000000e+00
2.000000000000000042e-03
3.000000000000001277e-02
8.800000000000007816e-02
1.740000000000000990e-01
2.080000000000001292e-01
2.600000000000002309e-01
3.540000000000002034e-01
4.380000000000003890e-01
4.759999999999968701e-01
4.099999999999548450e-01
4.159999999999541842e-01
4.359999999999519815e-01
4.339999999999522018e-01
4.399999999999519851e-01
3.659999999999596909e-01
3.879999999999572680e-01
3.639999999999599112e-01
2.979999999999671800e-01
2.899999999999680611e-01
2.839999999999687219e-01
2.679999999999704841e-01
2.699999999999702638e-01
2.299999999999746692e-01
2.299999999999746692e-01
2.359999999999740083e-01
1.839999999999797353e-01
1.999999999999779732e-01
1.559999999999828191e-01
1.480000000000183391e-01
1.620000000000541007e-01
1.440000000000480895e-01
9.600000000003205969e-02
1.160000000000387388e-01
1.000000000000333955e-01
8.600000000002872014e-02
8.200000000002738432e-02
6.200000000002070522e-02
5.400000000001803357e-02
5.400000000001803357e-02
6.000000000002003731e-02
4.200000000001402611e-02
4.000000000001335820e-02
4.200000000001402611e-02
4.200000000001402611e-02
3.600000000001202238e-02
2.400000000000801492e-02
1.400000000000467537e-02
3.000000000001001865e-02
3.800000000001269029e-02
2.200000000000734701e-02
4.000000000001335820e-02
1.800000000000601119e-02
1.800000000000601119e-02
2.200000000000734701e-02
1.400000000000467537e-02
2.000000000000667910e-02
1.400000000000467537e-02
1.800000000000601119e-02
2.600000000000868283e-02
2.800000000000935074e-02
1.800000000000601119e-02
2.000000000000667910e-02
1.600000000000534328e-02
2.600000000000868283e-02
2.600000000000868283e-02
1.400000000000467537e-02
1.200000000000400746e-02
1.200000000000400746e-02
1.800000000000601119e-02
8.000000000002671641e-03
2.000000000000667910e-02
2.200000000000734701e-02
1.600000000000534328e-02
2.200000000000734701e-02
2.400000000000801492e-02
1.600000000000534328e-02
2.200000000000734701e-02
8.000000000002671641e-03
1.000000000000333955e-02
1.200000000000400746e-02
1.000000000000333955e-02
4.000000000001335820e-03
1.200000000000400746e-02
2.000000000000667910e-03
8.000000000002671641e-03
1.200000000000400746e-02
2.000000000000667910e-02
1.200000000000400746e-02
1.000000000000333955e-02
1.400000000000467537e-02
0.000000000000000000e+00
1.000000000000333955e-02
8.000000000002671641e-03
1.000000000000333955e-02
4.000000000001335820e-03
8.000000000002671641e-03
1.000000000000333955e-02
