2.552063400001233458e+04
1.804680399995795960e+04
3.052329999992893136e+03
1.096187999997426232e+03
5.348719999987151823e+02
2.536959999994724058e+02
1.575279999996419065e+02
1.212939999996815459e+02
1.035519999997777632e+02
9.121799999976065010e+01
8.151999999982217560e+01
7.609599999983765883e+01
7.185799999981827568e+01
6.980199999982141890e+01
6.907999999986350304e+01
6.883599999982834561e+01
6.630599999988044146e+01
6.454599999982747249e+01
6.218599999985599425e+01
5.942999999989842763e+01
5.692999999986932380e+01
5.482199999984004535e+01
5.348799999987386400e+01
5.129399999988527270e+01
4.910199999990436481e+01
4.746199999991949880e+01
4.465599999981350265e+01
4.207799999986309558e+01
3.945799999998416752e+01
3.812799999991693767e+01
3.526599999990139622e+01
3.425599999989935895e+01
4.193399999995745020e+01
3.070399999986693729e+01
2.905599999996775296e+01
2.806399999991117511e+01
2.721199999995587859e+01
2.730799999992450466e+01
2.728999999994994141e+01
2.677599999991798541e+01
2.710599999996338738e+01
2.753799999994953396e+01
2.673599999986618059e+01
6.403599999985453906e+01
2.612000000001717126e+01
2.501399999987188494e+01
2.400200000011682278e+01
2.316999999999097781e+01
2.283200000005308539e+01
2.167200000012235250e+01
2.171800000005168840e+01
2.070600000013655517e+01
1.955800000008457573e+01
2.057400000004417961e+01
1.928600000017468119e+01
1.914800000004470348e+01
1.914200000007986091e+01
1.828800000008777715e+01
1.810200000011536758e+01
1.893800000008195639e+01
1.833800000003975583e+01
1.804400000016903505e+01
1.794600000010541407e+01
1.837600000001111766e+01
1.809400000007735798e+01
1.763400000007823110e+01
1.819400000011228258e+01
1.783800000006158371e+01
1.720000000012078090e+01
1.750400000006629853e+01
1.807200000009470386e+01
1.665800000007584458e+01
1.578200000005745096e+01
1.642600000007223571e+01
1.495600000004924368e+01
1.543000000013125828e+01
1.503400000008696225e+01
1.273000000004685717e+01
1.415600000001722947e+01
1.207200000005104812e+01
1.276200000011158409e+01
1.148600000004807953e+01
1.096400000001449371e+01
1.162000000010448275e+01
9.470000000015716068e+00
9.970000000052095857e+00
9.252000000058615115e+00
9.162000000018451829e+00
8.314000000056694262e+00
8.638000000057218131e+00
7.586000000032072421e+00
7.932000000022526365e+00
6.802000000039697625e+00
7.772000000019033905e+00
6.390000000028521754e+00
7.134000000041851308e+00
6.194000000024971087e+00
6.518000000061874744e+00
5.878000000011525117e+00
