7.885959999999591901e+02
1.396246000000074218e+03
1.500838000000196189e+03
1.510983999999161824e+03
1.369819999999246647e+03
1.455050000001554508e+03
1.532818000001874680e+03
1.569266000001916836e+03
1.529382000001867709e+03
1.489351999999098553e+03
1.478961999996558006e+03
1.494649999996519909e+03
1.521803999996442144e+03
1.482987999996563303e+03
1.379285999996765895e+03
1.250209999997085106e+03
1.360141999996816594e+03
1.342509999996895203e+03
1.246467999997097650e+03
6.913980000029841904e+02
