9.413099999999510601e+02
1.669714000000087935e+03
1.795500000000237833e+03
1.799349999999003558e+03
1.630449999999093961e+03
1.741764000001847307e+03
1.829396000002230721e+03
1.875736000002287255e+03
1.829422000002234199e+03
1.777277999999001622e+03
1.764481999995878141e+03
1.787673999995848135e+03
1.829219999995730177e+03
1.780783999995874183e+03
1.657589999996118422e+03
1.498727999996517610e+03
1.622197999996205908e+03
1.608795999996254977e+03
1.487563999996538769e+03
8.267780000035891135e+02
