8.628359999999562433e+02
1.529400000000080581e+03
1.637668000000212032e+03
1.652007999999087588e+03
1.495201999999173495e+03
1.590100000001704757e+03
1.674900000002053275e+03
1.719540000002085435e+03
1.674388000002045374e+03
1.625107999998981541e+03
1.616123999996236307e+03
1.630001999996202358e+03
1.662087999996114377e+03
1.620265999996227038e+03
1.508143999996496859e+03
1.364539999996854021e+03
1.486319999996536353e+03
1.470491999996582308e+03
1.355695999996820319e+03
7.531260000033144024e+02
