8.038359999999584034e+02
1.431774000000077194e+03
1.538490000000195778e+03
1.547045999999148989e+03
1.402911999999224463e+03
1.484276000001601460e+03
1.563640000001902081e+03
1.609028000001975670e+03
1.564860000001901426e+03
1.520503999999060397e+03
1.511621999996479644e+03
1.530461999996456143e+03
1.554911999996398663e+03
1.514893999996478669e+03
1.407339999996707775e+03
1.278467999997024890e+03
1.387703999996789207e+03
1.373339999996787810e+03
1.273271999997035891e+03
7.066500000030573574e+02
