1.684590200000685218e+04
1.154230999997312028e+04
1.787607999995816499e+03
6.380279999985432369e+02
3.141959999992759549e+02
1.554719999996377737e+02
9.616199999977470725e+01
7.425799999983792077e+01
6.274199999983466114e+01
5.556199999984892202e+01
4.978999999992447556e+01
4.692799999988346826e+01
4.500799999990340439e+01
4.455399999989458593e+01
4.390399999987130286e+01
4.370799999989685602e+01
4.185399999991568620e+01
4.127599999991798541e+01
3.950399999990986544e+01
3.751199999990421929e+01
3.623799999992843368e+01
3.487599999988015043e+01
3.407799999993585516e+01
3.313599999992584344e+01
3.087399999992339872e+01
2.975799999993250822e+01
2.792599999996309634e+01
2.600999999992563971e+01
2.509199999994598329e+01
2.358999999991283403e+01
2.199599999994097743e+01
2.098799999999027932e+01
2.617999999994572136e+01
1.929399999993256642e+01
1.772599999998055864e+01
1.724999999993451638e+01
1.693399999997927807e+01
1.683399999994071550e+01
1.652399999995395774e+01
1.631399999999848660e+01
1.659199999993143138e+01
1.680599999999685679e+01
1.601400000000285218e+01
3.928000000010797521e+01
1.576400000009743962e+01
1.513600000008227653e+01
1.486000000002604793e+01
1.394400000008317875e+01
1.398600000006990740e+01
1.337600000004749745e+01
1.277000000007319613e+01
1.231000000007043127e+01
1.217400000006819027e+01
1.221000000004642061e+01
1.138800000006449409e+01
1.160200000004988397e+01
1.134600000003047171e+01
1.103600000008373172e+01
1.133400000004621688e+01
1.142600000005040783e+01
1.132200000005832408e+01
1.108600000003207242e+01
1.107800000008137431e+01
1.151400000003195601e+01
1.127000000005500624e+01
1.106000000008498318e+01
1.085600000004342292e+01
1.146200000004319008e+01
1.049000000006344635e+01
1.075600000003760215e+01
1.110600000005069887e+01
1.072000000006664777e+01
1.015800000002491288e+01
1.011400000005232869e+01
9.172000000042316969e+00
9.422000000064144842e+00
9.166000000019266736e+00
7.554000000069208909e+00
8.514000000017404091e+00
7.726000000024214387e+00
7.792000000066764187e+00
7.044000000016239937e+00
6.604000000064843334e+00
6.997999999985040631e+00
5.624000000054365955e+00
6.120000000031723175e+00
5.546000000016647391e+00
5.672000000042316969e+00
5.030000000027939677e+00
5.209999999991850927e+00
4.230000000010477379e+00
4.952000000019324943e+00
3.838000000061583705e+00
4.642000000014377292e+00
3.658000000017636921e+00
4.304000000011001248e+00
3.582000000009429641e+00
3.868000000016763806e+00
3.302000000032421667e+00
