9.581619999999500124e+02
1.698570000000090431e+03
1.825984000000239121e+03
1.832931999998983883e+03
1.658911999999081672e+03
1.774674000001899003e+03
1.856966000002264991e+03
1.912390000002336819e+03
1.861218000002274493e+03
1.805011999998907413e+03
1.797203999995821505e+03
1.816365999995763559e+03
1.854491999995672813e+03
1.808053999995772756e+03
1.684253999996082712e+03
1.521745999996459432e+03
1.644201999996173981e+03
1.633771999996180966e+03
1.511939999996477127e+03
8.369220000036766578e+02
