2.240000000000001712e-01
3.620000000000002105e-01
3.780000000000003357e-01
4.140000000000002567e-01
3.000000000000002665e-01
2.460000000000002185e-01
3.159999999999734133e-01
4.479999999999506599e-01
3.379999999999627747e-01
3.059999999999662990e-01
3.279999999999638760e-01
3.459999999999623377e-01
3.479999999999616733e-01
3.539999999999610125e-01
2.219999999999755502e-01
2.839999999999687219e-01
3.819999999999579288e-01
3.239999999999643165e-01
4.419999999999513207e-01
2.479999999999726867e-01
