1.481181999999924756e+03
2.652798000000139382e+03
2.855152000000378393e+03
2.846135999998418811e+03
2.571171999998588944e+03
2.779632000002909990e+03
2.918230000003561145e+03
3.005872000003695575e+03
2.925852000003564171e+03
2.821079999998051790e+03
2.809785999993462610e+03
2.855215999993328296e+03
2.910877999993233971e+03
2.835799999993374513e+03
2.621843999993921898e+03
2.329681999994558282e+03
2.539903999994065089e+03
2.538717999994085403e+03
2.321351999994607468e+03
1.275688000005793583e+03
