0.000000000000000000e+00
0.000000000000000000e+00
1.200000000000000025e-02
3.400000000000003020e-02
8.000000000000005718e-02
1.260000000000000842e-01
2.340000000000002078e-01
3.540000000000002589e-01
4.220000000000002638e-01
4.840000000000004299e-01
5.739999999999647606e-01
4.979999999999451532e-01
4.959999999999453735e-01
5.239999999999422897e-01
4.719999999999484608e-01
4.759999999999475762e-01
4.359999999999519815e-01
4.519999999999502194e-01
4.339999999999522018e-01
4.359999999999519815e-01
4.019999999999557261e-01
3.599999999999603517e-01
3.219999999999645368e-01
3.419999999999623341e-01
2.920000000000841922e-01
3.000000000001001865e-01
2.940000000000981828e-01
2.480000000000828209e-01
2.200000000000734701e-01
2.180000000000728022e-01
1.940000000000647873e-01
1.720000000000574403e-01
1.640000000000547686e-01
1.240000000000414104e-01
1.260000000000420783e-01
1.100000000000367351e-01
9.200000000003072387e-02
8.600000000002872014e-02
7.000000000002337686e-02
5.800000000001936939e-02
7.400000000002471268e-02
8.200000000002738432e-02
5.600000000001870148e-02
6.800000000002270895e-02
5.600000000001870148e-02
6.200000000002070522e-02
4.600000000001536193e-02
2.800000000000935074e-02
6.400000000002137313e-02
3.600000000001202238e-02
5.800000000001936939e-02
2.800000000000935074e-02
2.800000000000935074e-02
2.600000000000868283e-02
3.000000000001001865e-02
1.800000000000601119e-02
3.400000000001135447e-02
2.200000000000734701e-02
2.400000000000801492e-02
3.000000000001001865e-02
2.200000000000734701e-02
1.400000000000467537e-02
2.800000000000935074e-02
2.000000000000667910e-02
3.400000000001135447e-02
3.200000000001068656e-02
2.800000000000935074e-02
2.000000000000667910e-02
2.600000000000868283e-02
1.800000000000601119e-02
2.400000000000801492e-02
2.400000000000801492e-02
1.600000000000534328e-02
2.000000000000667910e-02
2.200000000000734701e-02
3.600000000001202238e-02
2.800000000000935074e-02
2.200000000000734701e-02
1.000000000000333955e-02
2.200000000000734701e-02
2.800000000000935074e-02
2.200000000000734701e-02
1.200000000000400746e-02
8.000000000002671641e-03
1.400000000000467537e-02
4.000000000001335820e-03
6.000000000002003731e-03
1.000000000000333955e-02
6.000000000002003731e-03
1.200000000000400746e-02
6.000000000002003731e-03
1.200000000000400746e-02
1.400000000000467537e-02
8.000000000002671641e-03
4.000000000001335820e-03
2.000000000000667910e-03
8.000000000002671641e-03
8.000000000002671641e-03
4.000000000001335820e-03
