1.744756400000754365e+04
1.206022999997193619e+04
1.953835999995422753e+03
6.935219999984146853e+02
3.450119999991729856e+02
1.700299999996386759e+02
1.065059999997465638e+02
8.006799999981012661e+01
6.936799999982758891e+01
6.026799999986542389e+01
5.455399999987275805e+01
4.994599999985803152e+01
4.832999999993626261e+01
4.754799999987153569e+01
4.693199999988428317e+01
4.754999999987921910e+01
4.593999999990774086e+01
4.348599999988073250e+01
4.277799999991839286e+01
4.046799999989161734e+01
3.827599999990343349e+01
3.708999999993829988e+01
3.602599999989615753e+01
3.486399999991408549e+01
3.265799999992304947e+01
3.194799999993119854e+01
2.936799999996583210e+01
2.795599999991100049e+01
2.696199999993405072e+01
2.524399999995512189e+01
2.282399999989138450e+01
2.243799999999464490e+01
2.715999999993073288e+01
1.933399999995890539e+01
1.880199999997421401e+01
1.834199999993870733e+01
1.764799999993556412e+01
1.738400000001274748e+01
1.735399999994842801e+01
1.711599999994359678e+01
1.698799999994662357e+01
1.741600000000471482e+01
1.750600000001577428e+01
4.149400000014429679e+01
1.644400000008317875e+01
1.607200000008015195e+01
1.545400000005611219e+01
1.477400000006309710e+01
1.454800000007526251e+01
1.391200000008393545e+01
1.353600000005826587e+01
1.321600000004400499e+01
1.257800000006682239e+01
1.289000000006490154e+01
1.202400000005582115e+01
1.209000000004743924e+01
1.177800000007118797e+01
1.147600000006059418e+01
1.171800000005896436e+01
1.159000000004743924e+01
1.163800000004994217e+01
1.139000000005762558e+01
1.169600000002537854e+01
1.213000000010652002e+01
1.180600000003323657e+01
1.187800000006973278e+01
1.164800000005197944e+01
1.179400000006717164e+01
1.150000000005093170e+01
1.112200000005395850e+01
1.152800000004936010e+01
1.090200000002369052e+01
1.061800000006769551e+01
1.089400000006571645e+01
9.244000000035157427e+00
1.019200000003183959e+01
9.734000000084051862e+00
8.158000000024912879e+00
9.120000000031723175e+00
7.938000000038300641e+00
8.088000000047031790e+00
7.536000000043713953e+00
7.016000000003259629e+00
7.474000000067462679e+00
5.803999999989173375e+00
6.398000000059255399e+00
5.804000000003725290e+00
6.092000000047846697e+00
5.186000000023341272e+00
5.474000000045634806e+00
4.606000000014319085e+00
5.181999999993422534e+00
4.312000000034458935e+00
4.936000000016065314e+00
3.952000000055704731e+00
4.392000000014377292e+00
3.773999999968509655e+00
4.152000000052794348e+00
3.360000000015133992e+00
