0.000000000000000000e+00
0.000000000000000000e+00
0.000000000000000000e+00
1.600000000000000033e-02
5.200000000000004619e-02
8.800000000000006428e-02
1.180000000000000770e-01
1.320000000000001172e-01
1.940000000000001168e-01
2.560000000000002274e-01
2.560000000000001164e-01
2.200000000000001954e-01
2.400000000000002132e-01
2.260000000000002007e-01
2.099999999999990763e-01
2.419999999999733475e-01
1.779999999999803961e-01
1.839999999999797353e-01
1.879999999999792948e-01
1.799999999999801759e-01
1.599999999999823785e-01
1.459999999999839204e-01
1.379999999999848015e-01
1.279999999999859028e-01
1.179999999999870042e-01
1.459999999999839204e-01
1.299999999999856826e-01
1.019999999999892104e-01
7.999999999999118927e-02
7.999999999999118927e-02
8.399999999999074873e-02
8.399999999999074873e-02
7.399999999999185007e-02
4.999999999999449329e-02
7.799999999999140954e-02
5.799999999999361222e-02
4.999999999999449329e-02
4.399999999999515410e-02
2.799999999999691624e-02
3.399999999999625544e-02
3.599999999999603517e-02
3.399999999999625544e-02
1.799999999999801759e-02
1.999999999999779732e-02
2.199999999999757705e-02
1.799999999999801759e-02
2.399999999999735678e-02
1.199999999999867839e-02
9.999999999998898659e-03
1.799999999999801759e-02
1.999999999999779732e-02
9.999999999998898659e-03
2.599999999999713651e-02
9.999999999998898659e-03
9.999999999998898659e-03
1.599999999999823785e-02
3.999999999999559464e-03
1.199999999999867839e-02
3.999999999999559464e-03
7.999999999999118927e-03
1.599999999999823785e-02
1.199999999999867839e-02
5.999999999999339195e-03
3.999999999999559464e-03
7.999999999999118927e-03
1.799999999999801759e-02
1.599999999999823785e-02
7.999999999999118927e-03
1.199999999999867839e-02
9.999999999998898659e-03
7.999999999999118927e-03
3.999999999999559464e-03
9.999999999998898659e-03
9.999999999998898659e-03
1.199999999999867839e-02
9.999999999998898659e-03
1.199999999999867839e-02
5.999999999999339195e-03
9.999999999998898659e-03
0.000000000000000000e+00
1.999999999999779732e-03
7.999999999999118927e-03
7.999999999999118927e-03
0.000000000000000000e+00
5.999999999999339195e-03
0.000000000000000000e+00
7.999999999999118927e-03
7.999999999999118927e-03
1.999999999999779732e-03
7.999999999999118927e-03
3.999999999999559464e-03
5.999999999999339195e-03
0.000000000000000000e+00
7.999999999999118927e-03
1.999999999999779732e-03
9.999999999998898659e-03
1.999999999999779732e-03
1.999999999999779732e-03
0.000000000000000000e+00
