0.000000000000000000e+00
2.000000000000000042e-03
6.000000000000000125e-03
3.400000000000002326e-02
6.600000000000005862e-02
1.460000000000000742e-01
1.900000000000001688e-01
2.360000000000001541e-01
3.080000000000002736e-01
3.820000000000002283e-01
4.420000000000003926e-01
4.059999999999759357e-01
4.159999999999541842e-01
4.299999999999526423e-01
3.999999999999559464e-01
3.979999999999561666e-01
3.839999999999581526e-01
3.139999999999654179e-01
3.379999999999627747e-01
3.399999999999625544e-01
3.139999999999654179e-01
2.819999999999689422e-01
2.899999999999680611e-01
3.199999999999647571e-01
2.079999999999770921e-01
2.399999999999735678e-01
1.779999999999803961e-01
1.779999999999803961e-01
1.559999999999828191e-01
1.259999999999861231e-01
1.759999999999806164e-01
1.599999999999823785e-01
1.339999999999852420e-01
1.160000000000387388e-01
1.100000000000367351e-01
8.400000000002805223e-02
8.000000000002671641e-02
7.000000000002337686e-02
4.800000000001602984e-02
7.200000000002404477e-02
6.800000000002270895e-02
6.000000000002003731e-02
5.000000000001669775e-02
5.800000000001936939e-02
5.600000000001870148e-02
4.400000000001469402e-02
4.200000000001402611e-02
3.000000000001001865e-02
3.400000000001135447e-02
2.600000000000868283e-02
2.600000000000868283e-02
3.000000000001001865e-02
2.800000000000935074e-02
2.800000000000935074e-02
3.000000000001001865e-02
3.400000000001135447e-02
2.800000000000935074e-02
1.800000000000601119e-02
3.400000000001135447e-02
2.600000000000868283e-02
1.800000000000601119e-02
2.000000000000667910e-02
2.000000000000667910e-02
2.400000000000801492e-02
2.400000000000801492e-02
1.800000000000601119e-02
1.600000000000534328e-02
1.200000000000400746e-02
1.400000000000467537e-02
2.600000000000868283e-02
2.000000000000667910e-02
2.000000000000667910e-02
2.000000000000667910e-02
1.800000000000601119e-02
2.200000000000734701e-02
2.400000000000801492e-02
2.400000000000801492e-02
1.800000000000601119e-02
1.400000000000467537e-02
8.000000000002671641e-03
1.400000000000467537e-02
6.000000000002003731e-03
1.400000000000467537e-02
1.600000000000534328e-02
1.800000000000601119e-02
1.600000000000534328e-02
6.000000000002003731e-03
6.000000000002003731e-03
1.400000000000467537e-02
1.400000000000467537e-02
6.000000000002003731e-03
6.000000000002003731e-03
2.000000000000667910e-03
1.200000000000400746e-02
6.000000000002003731e-03
6.000000000002003731e-03
4.000000000001335820e-03
4.000000000001335820e-03
6.000000000002003731e-03
