1.641760600000701379e+04
1.132510799997366848e+04
1.826579999995745311e+03
6.444319999985127652e+02
3.206899999992274388e+02
1.581879999996453989e+02
9.987399999977787957e+01
7.693399999982284498e+01
6.426999999984764145e+01
5.682599999986268813e+01
5.038999999987208867e+01
4.791199999991295044e+01
4.557199999987642514e+01
4.517799999991984805e+01
4.485199999988253694e+01
4.346599999988757190e+01
4.245399999990331708e+01
4.120399999989240314e+01
4.036999999990803190e+01
3.834799999992173980e+01
3.666999999990002834e+01
3.565999999990890501e+01
3.402599999992889934e+01
3.255199999992328230e+01
3.096199999992313678e+01
3.002999999993699021e+01
2.791599999995014514e+01
2.613799999994444079e+01
2.489999999992505764e+01
2.310799999995651888e+01
2.163999999994848622e+01
2.108799999991606455e+01
2.553199999997377745e+01
1.834399999997913255e+01
1.788199999995413236e+01
1.668999999994048267e+01
1.672999999997045961e+01
1.647399999994013342e+01
1.624800000001414446e+01
1.585999999992418452e+01
1.618599999999059946e+01
1.598400000001129229e+01
1.575400000000809086e+01
3.881800000015573460e+01
1.574200000004930189e+01
1.506000000007043127e+01
1.471400000009089126e+01
1.401000000005296897e+01
1.391200000006574555e+01
1.306400000007124618e+01
1.279800000004615868e+01
1.257000000006519258e+01
1.188600000009319047e+01
1.195800000003146124e+01
1.131400000004214235e+01
1.131200000005992479e+01
1.116800000004150206e+01
1.085000000007858034e+01
1.080400000005829497e+01
1.102000000002590241e+01
1.099800000006871414e+01
1.070800000003873720e+01
1.085200000007171184e+01
1.128000000001338776e+01
1.092800000006900518e+01
1.065800000003946479e+01
1.127800000007846393e+01
1.131800000004295725e+01
1.053800000004048343e+01
1.073200000005817856e+01
1.106000000005587935e+01
1.042200000005323091e+01
1.006800000002840534e+01
9.864000000085070496e+00
8.852000000038970029e+00
9.366000000038184226e+00
9.248000000043248292e+00
7.500000000025465852e+00
8.700000000029831426e+00
7.160000000039872248e+00
7.744000000064261258e+00
6.942000000017287675e+00
6.656000000035419362e+00
6.852000000024418114e+00
5.370000000028085196e+00
6.070000000021536835e+00
5.440000000027794158e+00
5.412000000014813850e+00
4.712000000028638169e+00
5.150000000030559022e+00
4.502000000025873305e+00
5.084000000020751031e+00
3.784000000025116606e+00
4.526000000019848812e+00
3.672000000035041012e+00
4.126000000018393621e+00
3.657999999992171070e+00
3.892000000025291229e+00
3.393999999985680915e+00
