2.143228600000972801e+04
1.497691799996513146e+04
2.473251999994252401e+03
8.818319999979503336e+02
4.310179999989486532e+02
2.095819999995655962e+02
1.310239999996920233e+02
1.002199999997683335e+02
8.542799999978160486e+01
7.499799999983224552e+01
6.703199999985372415e+01
6.223399999985122122e+01
5.908599999982106965e+01
5.839199999989796197e+01
5.792799999988346826e+01
5.672599999984959140e+01
5.565399999986402690e+01
5.334799999990354991e+01
5.183999999988736818e+01
4.944199999982811278e+01
4.695599999991827644e+01
4.582199999991280492e+01
4.438199999985226896e+01
4.288599999991856748e+01
4.026399999986460898e+01
3.937399999992339872e+01
3.582999999995081453e+01
3.404399999990710057e+01
3.249599999993370147e+01
3.068599999992875382e+01
2.816199999993114034e+01
2.758399999992980156e+01
3.429799999990791548e+01
2.455799999996088445e+01
2.335599999993428355e+01
2.278599999994185055e+01
2.253999999997176928e+01
2.227599999996891711e+01
2.175999999993655365e+01
2.144599999990896322e+01
2.185399999997025589e+01
2.248199999994540121e+01
2.156599999998434214e+01
5.260999999997147825e+01
2.152400000007764902e+01
2.055799999996816041e+01
1.967400000012275996e+01
1.894200000008277129e+01
1.832600000008824281e+01
1.770800000002782326e+01
1.740600000011909287e+01
1.679800000008253846e+01
1.596200000005774200e+01
1.644000000012601959e+01
1.540600000004633330e+01
1.504400000008172356e+01
1.504000000004452886e+01
1.479800000007526251e+01
1.485000000007130438e+01
1.499400000012246892e+01
1.461400000004505273e+01
1.447200000008888310e+01
1.490200000004551839e+01
1.519400000009773066e+01
1.503200000003562309e+01
1.447800000003189780e+01
1.477600000009988435e+01
1.489400000009482028e+01
1.401800000006187474e+01
1.426600000004691537e+01
1.465800000006129267e+01
1.352000000006228220e+01
1.313600000005681068e+01
1.337600000009115320e+01
1.198600000009173527e+01
1.241000000003259629e+01
1.229000000002997695e+01
1.032600000007369090e+01
1.134200000007695053e+01
1.006400000000576256e+01
1.073200000003271271e+01
9.478000000053725671e+00
8.936000000096100848e+00
9.352000000064435881e+00
7.341999999989639036e+00
8.380000000011932570e+00
7.374000000061641913e+00
7.564000000042142347e+00
6.640000000028521754e+00
7.062000000012631062e+00
5.944000000017695129e+00
6.872000000046682544e+00
5.486000000018975697e+00
6.128000000077008735e+00
4.996000000006461050e+00
5.810000000034051482e+00
4.930000000022118911e+00
5.167999999990570359e+00
4.728000000031897798e+00
