1.409274000000591514e+04
9.677115999977517276e+03
1.550505999996374157e+03
5.431339999987394549e+02
2.713959999993749079e+02
1.366219999996756087e+02
8.561199999977907282e+01
6.543199999987336923e+01
5.493999999985680915e+01
4.856599999988975469e+01
4.372999999991588993e+01
4.072399999988192576e+01
3.889599999992788071e+01
3.843199999988428317e+01
3.879399999991073855e+01
3.851199999992240919e+01
3.707999999991807272e+01
3.596599999991303775e+01
3.482199999993463280e+01
3.336599999991449295e+01
3.127799999992203084e+01
3.033199999991848017e+01
3.017999999994935934e+01
2.829799999992610537e+01
2.700599999993210076e+01
2.566399999994246173e+01
2.391799999993963866e+01
2.305599999995683902e+01
2.156999999995969119e+01
2.041599999993195524e+01
1.878599999995640246e+01
1.818999999996958650e+01
2.237599999992016819e+01
1.611599999999816646e+01
1.483799999995244434e+01
1.449599999997371924e+01
1.417199999996228144e+01
1.408799999996335828e+01
1.404599999995843973e+01
1.384599999999409192e+01
1.391999999999825377e+01
1.416200000003300374e+01
1.339200000004711910e+01
3.332200000010925578e+01
1.315800000006493065e+01
1.284400000007372000e+01
1.236800000005314359e+01
1.191800000004877802e+01
1.146600000004400499e+01
1.107800000006682239e+01
1.104400000004534377e+01
1.062600000005841139e+01
1.015800000004310277e+01
1.047600000003512832e+01
9.794000000081723556e+00
9.810000000037689460e+00
9.402000000020052539e+00
9.350000000060390448e+00
9.286000000069179805e+00
9.338000000025203917e+00
9.486000000044441549e+00
9.050000000035652192e+00
9.250000000032741809e+00
9.560000000066793291e+00
9.590000000040163286e+00
8.960000000050058588e+00
9.564000000045780325e+00
9.498000000050524250e+00
8.788000000033207471e+00
9.132000000037805876e+00
9.532000000046537025e+00
8.742000000052939868e+00
8.728000000024621841e+00
8.684000000044761691e+00
7.614000000048690708e+00
8.162000000007537892e+00
7.696000000043568434e+00
6.334000000035302946e+00
7.398000000044703484e+00
6.286000000025524059e+00
6.426000000043131877e+00
6.026000000030762749e+00
5.494000000009691576e+00
5.884000000041851308e+00
4.752000000004045432e+00
5.218000000048050424e+00
4.561999999998079147e+00
4.580000000030850060e+00
4.096000000001367880e+00
4.362000000037369318e+00
3.550000000021100277e+00
4.010000000005675247e+00
3.396000000029744115e+00
3.912000000036641723e+00
3.118000000002211891e+00
3.623999999992520316e+00
3.004000000015366822e+00
3.158000000017636921e+00
2.784000000017840648e+00
