2.214389800001031108e+04
1.554350399996385386e+04
2.591971999993911595e+03
9.328359999978929409e+02
4.577159999989380594e+02
2.194399999995002872e+02
1.361619999996619299e+02
1.051159999997689738e+02
8.847799999976268737e+01
7.789799999979732092e+01
6.958599999985017348e+01
6.536799999986396870e+01
6.206799999986833427e+01
6.036799999985669274e+01
6.020999999985360773e+01
5.984999999987485353e+01
5.840399999984947499e+01
5.556199999991804361e+01
5.421999999986292096e+01
5.159999999981664587e+01
4.904799999993701931e+01
4.731799999990471406e+01
4.673999999987427145e+01
4.422799999986455077e+01
4.203999999994266545e+01
4.121399999991263030e+01
3.819599999987985939e+01
3.636399999993591337e+01
3.435799999992013909e+01
3.319199999992270023e+01
3.008599999994476093e+01
2.928799999987677438e+01
3.597399999998742715e+01
2.620799999990413198e+01
2.439799999993556412e+01
2.369399999992310768e+01
2.355399999997462146e+01
2.304799999991519144e+01
2.272799999996641418e+01
2.291999999993277015e+01
2.267599999997037230e+01
2.329599999992933590e+01
2.251199999994423706e+01
5.416199999993841629e+01
2.193200000001525041e+01
2.169600000004720641e+01
2.085000000007858034e+01
2.019200000006821938e+01
1.924400000012974488e+01
1.852600000008533243e+01
1.842600000015227124e+01
1.745399999999062857e+01
1.691600000008475035e+01
1.685000000013678800e+01
1.634800000004906906e+01
1.633000000005267793e+01
1.621200000007229391e+01
1.576600000009784708e+01
1.556200000008539064e+01
1.568400000005931361e+01
1.535400000006484333e+01
1.512000000010448275e+01
1.539800000002287561e+01
1.594600000009813812e+01
1.540000000004511094e+01
1.505200000007607741e+01
1.531600000006437767e+01
1.552800000010029180e+01
1.506400000009307405e+01
1.481000000003405148e+01
1.543600000009610085e+01
1.437200000009761425e+01
1.392800000005081529e+01
1.404600000003119931e+01
1.281800000008661300e+01
1.307400000006600749e+01
1.286000000008789357e+01
1.088800000002083834e+01
1.217000000005646143e+01
1.042600000003585592e+01
1.055800000003364403e+01
9.644000000080268364e+00
9.314000000056694262e+00
9.742000000049301889e+00
7.624000000010710210e+00
8.674000000006344635e+00
7.670000000100117177e+00
7.948000000011234079e+00
6.982000000039988663e+00
7.470000000015716068e+00
6.162000000054831617e+00
7.161999999974796083e+00
5.692000000097323209e+00
6.485999999997147825e+00
5.064000000034866389e+00
5.960000000042782631e+00
5.379999999997380655e+00
5.444000000010419171e+00
4.726000000075146090e+00
