1.101137999999943531e+03
1.956870000000103573e+03
2.111178000000269094e+03
2.111859999998832791e+03
1.910139999998942585e+03
2.043316000002194414e+03
2.149402000002621207e+03
2.207490000002682791e+03
2.145132000002633504e+03
2.076243999998649088e+03
2.072365999995192396e+03
2.099885999995127349e+03
2.144759999994988902e+03
2.087739999995159451e+03
1.932787999995511200e+03
1.738647999995941063e+03
1.890989999995636026e+03
1.880445999995630700e+03
1.726275999995952589e+03
9.552520000042568427e+02
