1.280471999999934496e+03
2.285296000000115782e+03
2.467146000000324420e+03
2.461683999998635954e+03
2.227115999998768530e+03
2.393214000002548346e+03
2.515272000003078574e+03
2.589338000003142952e+03
2.510214000003066758e+03
2.432023999998327781e+03
2.419373999994375481e+03
2.457277999994312268e+03
2.508281999994134821e+03
2.435919999994359387e+03
2.255951999994729704e+03
2.011637999995298742e+03
2.190953999994955666e+03
2.195071999994863290e+03
2.009977999995317077e+03
1.110648000004999631e+03
