2.224808200001041041e+04
1.562220799996362257e+04
2.611817999993887497e+03
9.359319999978397391e+02
4.618699999989548814e+02
2.194979999994684476e+02
1.361659999997282284e+02
1.057159999996947590e+02
8.900999999979103450e+01
7.888399999982357258e+01
7.000999999984924216e+01
6.476599999985046452e+01
6.195399999985966133e+01
6.106399999988207128e+01
6.084199999985139584e+01
5.972399999983463204e+01
5.803599999984726310e+01
5.583799999987968476e+01
5.417199999987496994e+01
5.182799999984854367e+01
4.918999999992956873e+01
4.778399999983230373e+01
4.656799999991926597e+01
4.451199999991513323e+01
4.251799999991635559e+01
4.096799999989889329e+01
3.818199999992066296e+01
3.615999999991618097e+01
3.479999999997380655e+01
3.306399999983841553e+01
3.050399999992077937e+01
2.957599999997182749e+01
3.660599999990517972e+01
2.623999999991792720e+01
2.522199999995791586e+01
2.453999999995721737e+01
2.403599999993457459e+01
2.377799999996932456e+01
2.371799999989889329e+01
2.321999999995023245e+01
2.328599999997095438e+01
2.362999999995372491e+01
2.305399999993096571e+01
5.537199999990843935e+01
2.220399999997607665e+01
2.167800000006536720e+01
2.124600000002828892e+01
2.041000000009080395e+01
1.929400000013265526e+01
1.870600000006379560e+01
1.871200000006501796e+01
1.794800000011309749e+01
1.712400000008346979e+01
1.734800000003451714e+01
1.664600000015343539e+01
1.645399999999790452e+01
1.641800000012881355e+01
1.556000000006315531e+01
1.576600000007601921e+01
1.600200000008771894e+01
1.548800000004848698e+01
1.543800000011106022e+01
1.532000000002153683e+01
1.577200000009906944e+01
1.584000000004743924e+01
1.516800000010698568e+01
1.535400000005756738e+01
1.565200000006734626e+01
1.533600000011210795e+01
1.478600000008009374e+01
1.555000000005384209e+01
1.455800000001181616e+01
1.384600000012142118e+01
1.442600000002130400e+01
1.267800000006536720e+01
1.295200000009936048e+01
1.284400000001915032e+01
1.079000000005908078e+01
1.186000000004423782e+01
1.057400000010966323e+01
1.093600000005244510e+01
1.013000000002648449e+01
9.670000000041909516e+00
9.592000000040570740e+00
7.918000000026950147e+00
8.612000000051921234e+00
7.812000000070838723e+00
7.904000000009546056e+00
7.060000000004947651e+00
7.526000000114436261e+00
6.305999999967752956e+00
7.148000000088359229e+00
5.816000000013445970e+00
6.668000000026950147e+00
5.375999999982013833e+00
6.024000000048545189e+00
5.060000000026775524e+00
5.514000000068335794e+00
4.900000000001455192e+00
