1.504262800000636526e+04
1.035910199997588097e+04
1.658251999996136874e+03
5.829959999986385810e+02
2.902239999993325910e+02
1.459659999996583792e+02
9.159199999978591222e+01
6.994199999984630267e+01
5.918599999985963223e+01
5.190599999986079638e+01
4.598399999990579090e+01
4.357199999989097705e+01
4.185999999990235665e+01
4.104999999993015081e+01
4.140599999990081415e+01
4.132799999990311335e+01
4.028399999988323543e+01
3.800799999992523226e+01
3.662999999991006916e+01
3.539199999991978984e+01
3.366999999992913217e+01
3.253599999992729863e+01
3.176399999991917866e+01
3.029799999994429527e+01
2.858999999990919605e+01
2.779799999994793325e+01
2.542599999993035453e+01
2.417999999994935934e+01
2.295599999994738027e+01
2.156399999993664096e+01
2.002399999997214763e+01
1.943199999996068073e+01
2.358399999994071550e+01
1.685599999994883547e+01
1.645999999996638508e+01
1.559399999996821862e+01
1.515399999995861435e+01
1.520399999996516271e+01
1.491999999995459802e+01
1.452400000000125146e+01
1.433199999997304985e+01
1.511000000004423782e+01
1.464600000005520997e+01
3.578200000013384852e+01
1.427600000009624637e+01
1.370800000003509922e+01
1.354800000009345240e+01
1.267400000006455230e+01
1.220400000003428431e+01
1.156800000006842311e+01
1.198400000004039612e+01
1.108600000007209019e+01
1.050400000005174661e+01
1.088600000004589674e+01
1.035200000004624599e+01
1.017200000005323091e+01
1.041800000003058813e+01
9.592000000076950528e+00
9.906000000031781383e+00
9.908000000075844582e+00
9.873999999974330422e+00
9.668000000081519829e+00
9.838000000061583705e+00
1.019800000005852780e+01
1.004600000003483729e+01
9.758000000023457687e+00
1.012200000006487244e+01
1.010000000002401066e+01
9.636000000067724613e+00
9.636000000067724613e+00
9.994000000038795406e+00
9.166000000019266736e+00
9.170000000067375368e+00
9.160000000021682354e+00
8.082000000023981556e+00
8.610000000073341653e+00
8.154000000020459993e+00
6.738000000055762939e+00
7.666000000033818651e+00
6.586000000024796464e+00
6.990000000027066562e+00
6.370000000031723175e+00
6.016000000046915375e+00
6.040000000019063009e+00
5.200000000015279511e+00
5.512000000038824510e+00
4.810000000012223609e+00
5.020000000036816346e+00
4.358000000029278453e+00
4.555999999996856786e+00
3.800000000028376235e+00
4.370000000024447218e+00
3.642000000003463356e+00
4.124000000054365955e+00
3.232000000025436748e+00
3.873999999988882337e+00
3.212000000003172318e+00
3.494000000024243491e+00
3.032000000013795216e+00
