2.644874800001284166e+04
1.873015799995642737e+04
3.164465999992658908e+03
1.133053999997282517e+03
5.541199999987438787e+02
2.644319999993895181e+02
1.630459999996382976e+02
1.268479999997434788e+02
1.076219999996974366e+02
9.486399999976856634e+01
8.441399999982240843e+01
7.806599999975878745e+01
7.573399999992398079e+01
7.322399999974732054e+01
7.158599999981379369e+01
7.186599999987083720e+01
6.893399999986286275e+01
6.634999999977299012e+01
6.509999999989668140e+01
6.189199999986158218e+01
5.864399999984743772e+01
5.684999999988212949e+01
5.527799999987473711e+01
5.326199999984237365e+01
5.051399999991554068e+01
4.920399999983783346e+01
4.595599999989644857e+01
4.354599999995116377e+01
4.154399999988527270e+01
3.942799999986891635e+01
3.628199999993375968e+01
3.543599999987782212e+01
4.399199999991105869e+01
3.177599999997619307e+01
2.987199999991571531e+01
2.916799999993236270e+01
2.896199999999953434e+01
2.840199999989272328e+01
2.875799999990704237e+01
2.821399999998538988e+01
2.845399999993242091e+01
2.880599999986588955e+01
2.788799999996263068e+01
6.691199999985838076e+01
2.749999999991996447e+01
2.696999999997933628e+01
2.607599999994999962e+01
2.515799999993760139e+01
2.429400000008899951e+01
2.318599999997240957e+01
2.277000000006955815e+01
2.219800000014220132e+01
2.105800000006274786e+01
2.140200000011827797e+01
2.008200000006036134e+01
2.011200000013195677e+01
2.007400000010966323e+01
1.941800000005605398e+01
1.955800000009185169e+01
1.956400000012945384e+01
1.942800000007991912e+01
1.853400000005058246e+01
1.899000000011437805e+01
1.963800000006449409e+01
1.936400000008870848e+01
1.855800000009912765e+01
1.936000000011699740e+01
1.937400000003253808e+01
1.831600000023172470e+01
1.846000000002823072e+01
1.893000000005849870e+01
1.782800000006682239e+01
1.738400000011461088e+01
1.751600000009057112e+01
1.588200000000506407e+01
1.632000000009429641e+01
1.616800000009243377e+01
1.346000000005733455e+01
1.493800000006012851e+01
1.320400000008521602e+01
1.335400000007939525e+01
1.229200000005221227e+01
1.185200000002805609e+01
1.207600000009551877e+01
9.996000000050116796e+00
1.133800000007613562e+01
9.563999999983934686e+00
1.004800000003160676e+01
9.192000000060943421e+00
9.234000000054948032e+00
7.912000000069383532e+00
8.911999999996623956e+00
7.500000000029103830e+00
8.146000000058847945e+00
6.886000000056810677e+00
7.720000000001164153e+00
6.550000000112049747e+00
7.187999999987368938e+00
6.370000000053551048e+00
