1.878986000000834247e+04
1.306579799996957809e+04
2.144189999995032849e+03
7.613119999982372974e+02
3.760859999990934739e+02
1.830879999996177503e+02
1.140239999997138511e+02
8.796599999981117435e+01
7.419999999983701855e+01
6.515599999984260648e+01
5.842799999986164039e+01
5.429399999988527270e+01
5.248999999988882337e+01
5.078199999984644819e+01
5.027399999988847412e+01
5.013999999988300260e+01
4.925999999989289790e+01
4.674599999989732169e+01
4.569399999984307215e+01
4.317799999990529614e+01
4.129399999995803228e+01
4.019799999985843897e+01
3.867599999994854443e+01
3.738199999992502853e+01
3.522599999992235098e+01
3.440799999987939373e+01
3.176199999990785727e+01
3.032599999996455153e+01
2.852599999991070945e+01
2.710399999991204822e+01
2.487799999995331746e+01
2.414399999999295687e+01
2.929199999993579695e+01
2.100599999988480704e+01
2.044199999998818384e+01
1.956599999996251427e+01
1.937199999995209510e+01
1.909599999995407416e+01
1.864599999998608837e+01
1.863799999991897494e+01
1.864199999998527346e+01
1.915799999994487735e+01
1.803999999994994141e+01
4.542800000015995465e+01
1.795800000005692709e+01
1.745000000009895302e+01
1.700000000005820766e+01
1.644800000008399365e+01
1.579800000006798655e+01
1.500800000008894131e+01
1.496600000006583286e+01
1.446200000006501796e+01
1.366400000006251503e+01
1.400400000005902257e+01
1.335400000008667121e+01
1.335600000004342292e+01
1.308800000004703179e+01
1.267000000010739313e+01
1.276799999999639113e+01
1.263800000008632196e+01
1.252600000009260839e+01
1.253800000003684545e+01
1.278600000005826587e+01
1.320800000005692709e+01
1.280800000009185169e+01
1.256600000000617001e+01
1.273200000005454058e+01
1.279600000008940697e+01
1.218200000005890615e+01
1.262200000003213063e+01
1.258800000011251541e+01
1.182800000002316665e+01
1.136600000006728806e+01
1.166200000006938353e+01
1.030600000003323657e+01
1.108000000005267793e+01
1.041800000007060589e+01
8.826000000008207280e+00
9.804000000069208909e+00
8.604000000021187589e+00
9.024000000063097104e+00
7.818000000035681296e+00
7.646000000066123903e+00
7.908000000017636921e+00
6.460000000042782631e+00
7.128000000011525117e+00
6.246000000050116796e+00
6.518000000040046871e+00
5.640000000013969839e+00
5.852000000020780135e+00
5.122000000010302756e+00
5.628000000033352990e+00
4.564000000027590431e+00
5.109999999993306119e+00
4.222000000030675437e+00
4.996000000028288923e+00
4.066000000042549800e+00
4.522000000026309863e+00
4.007999999987077899e+00
