2.355528600001107407e+04
1.655274999996148108e+04
2.777967999993554258e+03
9.953919999976715189e+02
4.885419999988007476e+02
2.326879999994707759e+02
1.445419999996738625e+02
1.109659999997602426e+02
9.513199999978678534e+01
8.282199999976728577e+01
7.413999999983934686e+01
6.841999999989639036e+01
6.601799999982176814e+01
6.468799999979819404e+01
6.375599999990663491e+01
6.377599999985250179e+01
6.099399999983143061e+01
5.887599999987287447e+01
5.717399999985354953e+01
5.376399999986460898e+01
5.197199999984150054e+01
5.023399999996036058e+01
4.916999999982363079e+01
4.770199999996111728e+01
4.489999999990686774e+01
4.346199999988311902e+01
4.049599999989004573e+01
3.842999999987659976e+01
3.665399999995133840e+01
3.468999999987863703e+01
3.223799999993934762e+01
3.126599999990139622e+01
3.864199999991978984e+01
2.767599999997037230e+01
2.649199999998381827e+01
2.558799999987240881e+01
2.536799999997310806e+01
2.545599999994010432e+01
2.478799999989860225e+01
2.458199999997304985e+01
2.447799999990093056e+01
2.542999999997118721e+01
2.397599999996600673e+01
5.871599999989120988e+01
2.368399999996472616e+01
2.287200000003213063e+01
2.246200000004319008e+01
2.125600000009580981e+01
2.122000000009575160e+01
1.950800000008894131e+01
1.984800000009272480e+01
1.884600000010686927e+01
1.837000000005355105e+01
1.888000000009924406e+01
1.726200000009703217e+01
1.730600000007689232e+01
1.673400000006222399e+01
1.663200000011420343e+01
1.683400000004621688e+01
1.685800000016024569e+01
1.662599999998201383e+01
1.623000000006868504e+01
1.631400000013672980e+01
1.687000000009720679e+01
1.674200000008568168e+01
1.571600000005128095e+01
1.659600000005593756e+01
1.648200000007636845e+01
1.576000000004569301e+01
1.600000000008003553e+01
1.623000000009778887e+01
1.515600000007543713e+01
1.471200000010867370e+01
1.508200000003853347e+01
1.341000000006170012e+01
1.394200000006094342e+01
1.348800000009214273e+01
1.159600000004866160e+01
1.293400000005931361e+01
1.099600000001373701e+01
1.166200000009848736e+01
1.065000000008149073e+01
9.937999999987368938e+00
1.044000000010419171e+01
8.521999999968102202e+00
9.262000000075204298e+00
8.136000000042258762e+00
8.462000000094121788e+00
7.555999999953201041e+00
7.756000000081257895e+00
6.908000000054016709e+00
7.686000000037893187e+00
6.102000000028056093e+00
6.884000000005471520e+00
5.814000000034866389e+00
6.374000000017986167e+00
5.408000000039464794e+00
5.866000000009080395e+00
5.202000000026600901e+00
