6.704539999999658448e+02
1.188356000000062522e+03
1.280160000000166065e+03
1.285843999999292919e+03
1.158587999999383101e+03
1.229364000001284694e+03
1.293050000001572698e+03
1.332910000001623303e+03
1.296492000001582710e+03
1.258437999999328895e+03
1.252175999997094550e+03
1.270341999997062885e+03
1.295301999996989252e+03
1.264371999997072635e+03
1.177561999997265957e+03
1.066125999997519102e+03
1.156439999997299310e+03
1.151703999997345818e+03
1.064579999997480627e+03
5.914720000025408808e+02
