2.493408800001187046e+04
1.760522599995902419e+04
2.937569999993102101e+03
1.050439999997572158e+03
5.130059999988297932e+02
2.447899999994479003e+02
1.530359999996435363e+02
1.176359999997075647e+02
1.002879999997676350e+02
8.877599999980157008e+01
7.882399999981862493e+01
7.321799999979702989e+01
6.974799999983224552e+01
6.820999999985360773e+01
6.735599999986152397e+01
6.764799999990646029e+01
6.520599999975092942e+01
6.246399999989807839e+01
6.100599999981932342e+01
5.763999999988300260e+01
5.534399999984452734e+01
5.336999999987165211e+01
5.147199999990698416e+01
4.971799999986251350e+01
4.731399999986024341e+01
4.628600000000005821e+01
4.309999999984574970e+01
4.083199999990029028e+01
3.850199999996402767e+01
3.679199999988486525e+01
3.370199999989563366e+01
3.337999999993917299e+01
4.066799999985232716e+01
2.986200000002281740e+01
2.771399999987625051e+01
2.705799999992450466e+01
2.693999999999505235e+01
2.676599999991594814e+01
2.638399999991816003e+01
2.623999999993247911e+01
2.575199999998585554e+01
2.627999999988969648e+01
2.581599999997706618e+01
6.252399999989575008e+01
2.531199999990349170e+01
2.465200000000913860e+01
2.420799999994051177e+01
2.290000000011787051e+01
2.208600000000296859e+01
2.145400000009976793e+01
2.115400000008230563e+01
2.041600000007747440e+01
1.958600000013393583e+01
1.978000000007887138e+01
1.849400000007153722e+01
1.866400000007706694e+01
1.839600000008795178e+01
1.790800000014860416e+01
1.756800000009388896e+01
1.803800000003684545e+01
1.775600000010308577e+01
1.728000000009342330e+01
1.774600000005739275e+01
1.798800000013579847e+01
1.786400000004505273e+01
1.696600000003672903e+01
1.738600000010774238e+01
1.750400000006629853e+01
1.681600000012258533e+01
1.698200000008364441e+01
1.748200000004726462e+01
1.641800000012153760e+01
1.585600000005797483e+01
1.625200000005133916e+01
1.403600000010192161e+01
1.462000000006810296e+01
1.464600000008795178e+01
1.245400000004883623e+01
1.367800000006536720e+01
1.192000000006373739e+01
1.237400000001071021e+01
1.141600000009202631e+01
1.051400000003195601e+01
1.107200000002194429e+01
8.754000000109954271e+00
1.013400000004912727e+01
8.842000000026018824e+00
8.882000000041443855e+00
8.092000000011466909e+00
8.344000000055530109e+00
7.140000000043073669e+00
8.009999999987485353e+00
6.630000000084692147e+00
7.590000000003783498e+00
6.130000000048312359e+00
6.972000000030675437e+00
5.995999999999185093e+00
6.412000000040279701e+00
5.634000000034575351e+00
