1.873077200000824450e+04
1.301544999996966726e+04
2.109503999995096819e+03
7.474379999982556910e+02
3.690139999991370132e+02
1.804879999995609978e+02
1.123879999997661798e+02
8.735399999979563290e+01
7.330799999982264126e+01
6.421199999983218731e+01
5.753799999988405034e+01
5.391599999987374758e+01
5.192999999984749593e+01
5.058399999995890539e+01
5.062599999982194277e+01
5.004399999989254866e+01
4.860399999992660014e+01
4.589999999987776391e+01
4.522999999987223418e+01
4.310399999988294439e+01
4.121999999993568053e+01
3.993399999987013871e+01
3.856199999991076766e+01
3.683999999995285179e+01
3.500599999991391087e+01
3.418399999990651850e+01
3.126799999993090751e+01
3.040399999990768265e+01
2.825799999995797407e+01
2.683399999992252560e+01
2.474999999994906830e+01
2.419599999995261896e+01
2.943399999991379445e+01
2.117799999994167592e+01
2.007799999997223495e+01
1.945399999996152474e+01
1.933799999996699626e+01
1.945999999995547114e+01
1.907799999995040707e+01
1.853199999993375968e+01
1.865199999993637903e+01
1.901799999997456325e+01
1.852399999999761349e+01
4.480400000009103678e+01
1.822000000005209586e+01
1.790800000012677629e+01
1.697000000003026798e+01
1.638600000011501834e+01
1.562400000006164191e+01
1.482600000005186303e+01
1.510600000007980270e+01
1.459600000008504139e+01
1.373600000006990740e+01
1.390400000003137393e+01
1.311200000007374911e+01
1.303200000005745096e+01
1.294600000007631024e+01
1.253600000007281778e+01
1.240400000005320180e+01
1.288600000004225876e+01
1.245200000006298069e+01
1.242000000006373739e+01
1.242000000005646143e+01
1.277000000005500624e+01
1.283000000010360964e+01
1.249200000003474997e+01
1.257600000005913898e+01
1.305200000001786975e+01
1.206200000007811468e+01
1.221800000007351628e+01
1.241400000008434290e+01
1.191800000003422610e+01
1.149400000005698530e+01
1.155200000002514571e+01
1.019000000005326001e+01
1.075400000007357448e+01
1.043000000006577466e+01
8.814000000020314474e+00
9.816000000064377673e+00
8.438000000038300641e+00
8.648000000022875611e+00
7.866000000060012098e+00
7.462000000050466042e+00
8.049999999995634425e+00
6.414000000040687155e+00
6.986000000048079528e+00
6.146000000007916242e+00
6.440000000016880222e+00
5.594000000070082024e+00
5.933999999979278073e+00
5.036000000050989911e+00
5.686000000037893187e+00
4.600000000013096724e+00
5.388000000020838343e+00
4.254000000037194695e+00
4.720000000030267984e+00
4.172000000013213139e+00
4.457999999976891559e+00
3.780000000071595423e+00
