1.366565999999929545e+03
2.427174000000128217e+03
2.618882000000344760e+03
2.622223999998553154e+03
2.370907999998680680e+03
2.545506000002684232e+03
2.680278000003270790e+03
2.756806000003380177e+03
2.680792000003282737e+03
2.594783999998249783e+03
2.578237999993983976e+03
2.620631999993926001e+03
2.671391999993807985e+03
2.600601999993938080e+03
2.405599999994359678e+03
2.140877999995005666e+03
2.338489999994533719e+03
2.334325999994660378e+03
2.139677999994979473e+03
1.179388000005288632e+03
