1.044849999999946021e+03
1.854140000000097871e+03
1.995218000000260417e+03
2.003943999998894469e+03
1.809567999999007043e+03
1.937220000002042070e+03
2.042060000002489687e+03
2.094040000002556553e+03
2.039218000002478220e+03
1.975115999998746702e+03
1.965331999995432852e+03
1.995153999995363847e+03
2.027903999995294726e+03
1.979013999995393533e+03
1.830783999995746854e+03
1.647887999996168219e+03
1.795987999995817518e+03
1.785855999995845195e+03
1.643713999996172788e+03
9.085220000040426385e+02
