2.187146000001070570e+04
1.544360399996419801e+04
2.628521999993841746e+03
9.644539999977641855e+02
4.686919999989331700e+02
2.209899999994522659e+02
1.381839999996664119e+02
1.067039999997432460e+02
9.105199999980686698e+01
8.045399999984510941e+01
7.225999999981286237e+01
6.652599999983794987e+01
6.334199999988777563e+01
6.160799999983282760e+01
6.064799999985552859e+01
5.971999999983381713e+01
5.845399999990331708e+01
5.614599999984784517e+01
5.468999999987863703e+01
5.190199999989272328e+01
4.997199999986332841e+01
4.789399999992019730e+01
4.744799999985843897e+01
4.473599999990983633e+01
4.311399999987770570e+01
4.232199999991280492e+01
3.893399999989924254e+01
3.715999999990890501e+01
3.563999999996303814e+01
3.404199999986303737e+01
3.113599999994767131e+01
3.079999999993015081e+01
3.750799999992159428e+01
2.738999999999941792e+01
2.622599999990052311e+01
2.525999999991472578e+01
2.530199999990145443e+01
2.487399999995250255e+01
2.432399999997869600e+01
2.433399999990797369e+01
2.411200000000826549e+01
2.502599999990343349e+01
2.394799999993847450e+01
5.543799999990733340e+01
2.362399999993067468e+01
2.296399999989807839e+01
2.232600000004458707e+01
2.121999999990657670e+01
2.056799999997019768e+01
1.998599999996804399e+01
1.936599999996542465e+01
1.883800000002520392e+01
1.731600000010075746e+01
1.887800000000424916e+01
1.734400000010646181e+01
1.738000000004103640e+01
1.679200000008859206e+01
1.634800000007089693e+01
1.659000000010564690e+01
1.645400000002700835e+01
1.630800000012095552e+01
1.579200000003766036e+01
1.617800000007991912e+01
1.649200000011478551e+01
1.634600000004866160e+01
1.568600000005972106e+01
1.611800000003859168e+01
1.624800000011600787e+01
1.546000000005005859e+01
1.549400000009336509e+01
1.587600000009115320e+01
1.493200000006618211e+01
1.430000000006839400e+01
1.448200000005454058e+01
1.315400000006047776e+01
1.357000000005064066e+01
1.345600000006379560e+01
1.154000000009546056e+01
1.249800000007235212e+01
1.086800000003131572e+01
1.109000000005471520e+01
1.040400000004592584e+01
9.712000000028638169e+00
1.037000000002444722e+01
8.190000000075087883e+00
9.344000000019150320e+00
8.288000000065949280e+00
8.522000000062689651e+00
7.617999999987659976e+00
7.660000000068976078e+00
6.984000000040396117e+00
7.590000000047439244e+00
6.168000000026950147e+00
6.978000000002793968e+00
5.704000000063388143e+00
6.490000000012514647e+00
5.724000000045634806e+00
6.019999999982246663e+00
5.500000000043655746e+00
