2.548534800001195617e+04
1.793244599995870885e+04
3.000623999992982135e+03
1.095523999997443752e+03
5.364959999987695483e+02
2.533419999994293903e+02
1.583219999995926628e+02
1.227019999996773549e+02
1.047259999997477280e+02
9.332799999981943984e+01
8.236999999979889253e+01
7.600999999982013833e+01
7.352199999982985901e+01
7.173799999988841591e+01
7.047799999978451524e+01
6.944799999985843897e+01
6.718799999984184979e+01
6.485999999983323505e+01
6.340199999984906754e+01
5.995999999987543561e+01
5.800799999981245492e+01
5.565599999990809010e+01
5.462799999988783384e+01
5.319999999988067430e+01
4.983599999987927731e+01
4.881599999986792682e+01
4.570599999994010432e+01
4.350799999987793854e+01
4.111799999987852061e+01
3.947599999991507502e+01
3.611199999993550591e+01
3.561799999985669274e+01
4.360599999994155951e+01
3.195799999997689156e+01
2.990599999993719393e+01
2.944399999987945193e+01
2.880599999988044146e+01
2.858400000003166497e+01
2.819799999991664663e+01
2.841599999993195524e+01
2.788599999990401557e+01
2.896399999991263030e+01
2.778800000001501758e+01
6.543999999993684469e+01
2.750799999997252598e+01
2.659400000000459841e+01
2.568600000001606531e+01
2.469399999993765960e+01
2.385400000005756738e+01
2.250799999995797407e+01
2.300199999996402767e+01
2.175800000000890577e+01
2.089600000000064028e+01
2.172599999995873077e+01
2.005600000006234040e+01
2.039999999999417923e+01
1.957200000005104812e+01
1.911200000005192123e+01
1.900000000005820766e+01
1.923800000015035039e+01
1.880200000003242167e+01
1.865400000004592584e+01
1.897200000016164267e+01
1.881000000007043127e+01
1.885000000007130438e+01
1.838000000009196810e+01
1.820400000009976793e+01
1.857200000005832408e+01
1.785600000012345845e+01
1.782600000005186303e+01
1.831600000009348150e+01
1.763000000010652002e+01
1.663000000009196810e+01
1.722000000003754394e+01
1.527400000005582115e+01
1.585600000009435462e+01
1.539600000008067582e+01
1.315200000011827797e+01
1.445000000007712515e+01
1.294200000005366746e+01
1.323199999999633292e+01
1.197200000007433118e+01
1.160800000006565824e+01
1.198400000009860378e+01
9.883999999976367690e+00
1.075200000002223533e+01
9.524000000099476893e+00
9.968000000117172021e+00
8.809999999954015948e+00
9.210000000079162419e+00
7.889999999941210262e+00
8.544000000096275471e+00
7.366000000096391886e+00
7.967999999935273081e+00
6.930000000087602530e+00
7.544000000059895683e+00
6.729999999981373549e+00
6.702000000062980689e+00
6.218000000066240318e+00
