3.063602000001318174e+03
2.123445999995120019e+03
3.398979999992061494e+02
1.203899999997211125e+02
6.007999999986077455e+01
2.938399999992816447e+01
1.828199999995831604e+01
1.394399999996949191e+01
1.200799999997161649e+01
1.053599999997368286e+01
8.991999999980180291e+00
8.557999999979983841e+00
8.317999999982021109e+00
7.997999999980493158e+00
7.973999999980151188e+00
7.801999999982399459e+00
7.819999999981519068e+00
7.425999999983105226e+00
7.125999999982923327e+00
7.225999999982377631e+00
6.683999999986554030e+00
6.473999999982879672e+00
6.161999999987529009e+00
6.121999999984836904e+00
5.859999999986030161e+00
5.621999999986655894e+00
5.181999999988875061e+00
4.869999999986248440e+00
4.771999999989020580e+00
4.413999999990664946e+00
4.071999999991930963e+00
4.037999999989551725e+00
4.863999999987754563e+00
3.495999999993728125e+00
3.443999999992229277e+00
3.213999999992665835e+00
3.221999999989748176e+00
3.121999999993022357e+00
3.211999999995896360e+00
3.033999999993284291e+00
2.967999999993480742e+00
3.233999999995830876e+00
2.951999999999316060e+00
7.166000000013809768e+00
3.022000000009029463e+00
3.044000000009873474e+00
2.812000000012631062e+00
2.788000000008651114e+00
2.498000000010506483e+00
2.568000000011124939e+00
2.464000000010855729e+00
2.364000000011401426e+00
2.286000000010062649e+00
2.244000000012420060e+00
2.142000000010739313e+00
2.168000000008760253e+00
2.082000000010339136e+00
2.036000000007334165e+00
2.060000000010404619e+00
2.170000000009167707e+00
2.058000000012725650e+00
2.140000000006693881e+00
2.188000000013744284e+00
2.122000000009393261e+00
2.102000000008047209e+00
2.138000000010833901e+00
2.182000000008883944e+00
2.042000000010375516e+00
2.040000000009968062e+00
2.132000000011430529e+00
2.028000000005704351e+00
1.948000000010324584e+00
1.866000000010899385e+00
1.862000000006446498e+00
1.742000000007465133e+00
1.802000000008774805e+00
1.680000000007566996e+00
1.580000000009931682e+00
1.712000000006810296e+00
1.486000000006242772e+00
1.536000000007334165e+00
1.332000000005791662e+00
1.250000000003637979e+00
1.374000000011619704e+00
1.112000000003718014e+00
1.116000000005442416e+00
1.034000000003288733e+00
1.112000000006446498e+00
9.760000000060244929e-01
9.940000000024156179e-01
8.280000000040672603e-01
9.760000000032960088e-01
7.640000000073996489e-01
8.420000000014624675e-01
7.980000000025029294e-01
8.120000000062645995e-01
6.460000000033687684e-01
7.340000000012878445e-01
5.900000000056024874e-01
