1.072965999999945097e+03
1.908380000000097198e+03
2.055676000000277782e+03
2.063487999998859777e+03
1.863879999998964195e+03
1.988684000002092944e+03
2.106392000002577333e+03
2.158732000002635687e+03
2.104728000002563931e+03
2.040991999998754181e+03
2.021855999995277671e+03
2.052083999995222257e+03
2.091005999995133607e+03
2.042957999995236605e+03
1.896903999995585764e+03
1.704919999996021943e+03
1.851485999995693419e+03
1.842097999995712598e+03
1.693253999996064522e+03
9.363240000041405438e+02
