2.474502400001176284e+04
1.744460199995939183e+04
2.936871999993156351e+03
1.053475999997543113e+03
5.162859999988140771e+02
2.458879999993732781e+02
1.522839999996867846e+02
1.177039999996923143e+02
1.004819999997635023e+02
8.783599999978468986e+01
7.833999999985098839e+01
7.248399999985122122e+01
7.044199999982083682e+01
6.827799999987473711e+01
6.701399999979912536e+01
6.634199999988777563e+01
6.532999999980529537e+01
6.161199999987002229e+01
6.005399999985093018e+01
5.740599999982077861e+01
5.409399999994639074e+01
5.318999999987863703e+01
5.198399999981484143e+01
4.996999999992840458e+01
4.743399999988469062e+01
4.509599999988131458e+01
4.282599999994999962e+01
4.063799999991897494e+01
3.858599999987200135e+01
3.692599999988306081e+01
3.338399999993998790e+01
3.304999999992287485e+01
4.043399999987741467e+01
2.892199999996228144e+01
2.777399999991030199e+01
2.700599999996484257e+01
2.691399999992427183e+01
2.662199999994481914e+01
2.601399999993009260e+01
2.601199999994423706e+01
2.549199999996926636e+01
2.647400000000197906e+01
2.544399999988672789e+01
6.114999999986321200e+01
2.499599999993370147e+01
2.428799999999318970e+01
2.332000000010157237e+01
2.255400000005465699e+01
2.186400000011053635e+01
2.091600000004837057e+01
2.076400000015564729e+01
2.034200000006239861e+01
1.917200000015145633e+01
1.944600000002537854e+01
1.843000000008032657e+01
1.861600000013277167e+01
1.807800000003771856e+01
1.734800000012910459e+01
1.733000000007450581e+01
1.796400000002176967e+01
1.765800000011222437e+01
1.699200000012206146e+01
1.675800000005983748e+01
1.797400000013294630e+01
1.763600000007863855e+01
1.691200000003300374e+01
1.712400000007619383e+01
1.762800000004790490e+01
1.678600000014557736e+01
1.687000000006082701e+01
1.703200000009383075e+01
1.606000000007770723e+01
1.573200000012730015e+01
1.610599999996338738e+01
1.416200000012031524e+01
1.471200000010867370e+01
1.436600000000180444e+01
1.208600000009028008e+01
1.336200000003009336e+01
1.173800000005576294e+01
1.211200000009557698e+01
1.119000000006781192e+01
1.066799999999057036e+01
1.074000000007799827e+01
8.984000000098603778e+00
9.843999999990046490e+00
8.580000000038126018e+00
8.914000000055239070e+00
8.150000000045110937e+00
8.234000000040396117e+00
6.896000000058847945e+00
7.776000000005296897e+00
6.466000000014901161e+00
7.352000000071711838e+00
5.966000000000349246e+00
6.637999999984458555e+00
5.822000000080151949e+00
6.284000000043306500e+00
5.647999999986495823e+00
