1.914911200000841200e+04
1.330670799996907954e+04
2.157511999995000224e+03
7.648099999982223380e+02
3.762959999990926008e+02
1.851959999995960970e+02
1.165359999997017439e+02
8.889599999981146539e+01
7.518599999979778659e+01
6.656599999986065086e+01
5.860799999986920739e+01
5.534599999985948671e+01
5.278599999987636693e+01
5.192399999991903314e+01
5.143799999983457383e+01
5.086399999989225762e+01
4.979599999987840420e+01
4.781199999987438787e+01
4.642399999990448123e+01
4.467599999991944060e+01
4.201399999987188494e+01
4.089999999994324753e+01
3.988399999990360811e+01
3.786199999995005783e+01
3.616399999987334013e+01
3.506799999988288619e+01
3.225799999994342215e+01
3.075199999993492384e+01
2.877199999996082624e+01
2.772799999992275843e+01
2.577599999993253732e+01
2.441999999991821824e+01
3.063999999993393430e+01
2.153399999995599501e+01
2.091599999996105907e+01
2.018799999993643723e+01
1.978999999999359716e+01
1.958599999992293306e+01
1.923599999992438825e+01
1.912799999998969724e+01
1.904199999994307291e+01
1.979199999997945270e+01
1.888599999996222323e+01
4.567000000011466909e+01
1.855400000004010508e+01
1.789800000013201497e+01
1.750200000002951128e+01
1.692000000011466909e+01
1.615800000003946479e+01
1.526600000009057112e+01
1.508600000006117625e+01
1.459000000006926712e+01
1.376800000007642666e+01
1.423400000007677590e+01
1.380600000005506445e+01
1.354800000006071059e+01
1.331600000009348150e+01
1.288800000004266622e+01
1.285800000007293420e+01
1.305200000001059379e+01
1.281000000007770723e+01
1.270000000007712515e+01
1.285800000007293420e+01
1.327000000004773028e+01
1.292200000007142080e+01
1.270200000004842877e+01
1.287600000005477341e+01
1.307200000008015195e+01
1.228800000007322524e+01
1.278800000002956949e+01
1.285200000007171184e+01
1.194200000008277129e+01
1.163000000002648449e+01
1.181000000002677552e+01
1.061000000010244548e+01
1.100200000002223533e+01
1.063200000007054769e+01
8.844000000048254151e+00
9.960000000064610504e+00
8.797999999995226972e+00
9.218000000095344149e+00
8.272000000004481990e+00
7.626000000032945536e+00
8.014000000046507921e+00
6.463999999992665835e+00
7.276000000099884346e+00
6.222000000008847564e+00
6.574000000007799827e+00
5.898000000037427526e+00
6.046000000060303137e+00
4.808000000004540198e+00
5.804000000025553163e+00
4.540000000037252903e+00
5.418000000012398232e+00
4.275999999990744982e+00
4.842000000055122655e+00
4.296000000002095476e+00
4.478000000061001629e+00
4.085999999995692633e+00
