1.498109999999925094e+03
2.678146000000137974e+03
2.891728000000372049e+03
2.884653999998408835e+03
2.598873999998555519e+03
2.801784000002962784e+03
2.950956000003607187e+03
3.038994000003702240e+03
2.957112000003584399e+03
2.853233999998075888e+03
2.836349999993370147e+03
2.885639999993312813e+03
2.950905999993141450e+03
2.867147999993336271e+03
2.652867999993854028e+03
2.357395999994485464e+03
2.568283999994004262e+03
2.567303999994066544e+03
2.350997999994484417e+03
1.293804000005889975e+03
