1.909973200000813449e+04
1.318872999996929866e+04
2.094599999995083635e+03
7.473379999983080779e+02
3.652179999991203658e+02
1.783199999995777034e+02
1.098959999997459818e+02
8.483199999982025474e+01
7.218399999981193105e+01
6.460999999989871867e+01
5.773799999985203613e+01
5.424199999984557508e+01
5.140199999988544732e+01
5.010599999987607589e+01
5.035999999987689080e+01
4.948999999993247911e+01
4.722799999984272290e+01
4.644399999993765960e+01
4.476199999988602940e+01
4.329999999987921910e+01
4.094799999991664663e+01
3.936599999989266507e+01
3.897199999989970820e+01
3.722799999994458631e+01
3.491799999988870695e+01
3.386599999989994103e+01
3.192799999994895188e+01
3.026999999990221113e+01
2.842399999997724080e+01
2.731599999994796235e+01
2.476199999990058132e+01
2.463199999996140832e+01
2.992799999992712401e+01
2.102399999994668178e+01
1.976399999997374834e+01
1.994399999994493555e+01
1.940999999996711267e+01
1.940599999994446989e+01
1.907199999994918471e+01
1.903999999994266545e+01
1.860599999996338738e+01
1.944199999995908001e+01
1.899999999994906830e+01
4.512000000000989530e+01
1.840000000005966285e+01
1.789600000004429603e+01
1.723600000013539102e+01
1.674800000010873191e+01
1.612600000004022149e+01
1.541000000005442416e+01
1.531200000005628681e+01
1.436400000008870848e+01
1.393800000005285256e+01
1.427600000007805647e+01
1.313000000008469215e+01
1.371000000005733455e+01
1.333800000008341158e+01
1.276400000001740409e+01
1.306600000006437767e+01
1.299200000007840572e+01
1.300000000006548362e+01
1.255200000004697358e+01
1.304800000006798655e+01
1.297000000003026798e+01
1.292200000007142080e+01
1.238800000007904600e+01
1.308800000009068754e+01
1.291600000003381865e+01
1.250200000002951128e+01
1.245400000009976793e+01
1.273000000006140908e+01
1.201000000006024493e+01
1.179800000006071059e+01
1.171400000005087350e+01
1.039800000006653136e+01
1.074200000001292210e+01
1.058400000003894093e+01
8.806000000047788490e+00
1.004600000004575122e+01
8.732000000025436748e+00
9.154000000067753717e+00
7.948000000047613867e+00
7.618000000038591679e+00
8.050000000024738256e+00
6.634000000063679181e+00
7.138000000013562385e+00
6.402000000045518391e+00
6.718000000000756700e+00
5.890000000064901542e+00
6.020000000011350494e+00
5.214000000043597538e+00
5.683999999993829988e+00
4.760000000031141099e+00
5.340000000040163286e+00
4.334000000009837095e+00
4.926000000006752089e+00
4.272000000033585820e+00
4.546000000045751221e+00
3.925999999984924216e+00
