1.063289999999946076e+03
1.894948000000098318e+03
2.040378000000265729e+03
2.047391999998871142e+03
1.847061999998972169e+03
1.977326000002116416e+03
2.082090000002535817e+03
2.138162000002623245e+03
2.082268000002524786e+03
2.013389999998715211e+03
2.006069999995339458e+03
2.033685999995232123e+03
2.072231999995183287e+03
2.020577999995286518e+03
1.869623999995674239e+03
1.683981999996060040e+03
1.832013999995724589e+03
1.821933999995784689e+03
1.675937999996094732e+03
9.245960000041086460e+02
