1.440973999999927400e+03
2.576680000000127620e+03
2.773962000000368789e+03
2.769215999998468760e+03
2.503215999998605184e+03
2.696468000002851113e+03
2.845058000003471534e+03
2.922622000003586436e+03
2.842722000003472203e+03
2.744071999998042884e+03
2.726407999993651174e+03
2.771539999993601668e+03
2.831227999993396224e+03
2.753077999993562116e+03
2.546761999994094367e+03
2.263415999994671438e+03
2.464891999994331854e+03
2.462039999994252867e+03
2.256235999994707527e+03
1.245348000005629729e+03
