2.705357600001333412e+04
1.924725599995533048e+04
3.271099999992402445e+03
1.176845999997189210e+03
5.757599999986414332e+02
2.693059999993856763e+02
1.688739999996614642e+02
1.303759999996545957e+02
1.109819999998071580e+02
9.877799999967828626e+01
8.759199999983684393e+01
8.158799999974144157e+01
7.736399999987042975e+01
7.563999999986117473e+01
7.461799999978393316e+01
7.294599999986530747e+01
7.128199999980279244e+01
6.882399999992776429e+01
6.667999999974563252e+01
6.408199999987846240e+01
6.085999999991327059e+01
5.888599999980942812e+01
5.718199999993521487e+01
5.488599999979487620e+01
5.218199999991338700e+01
5.102799999986746116e+01
4.777399999986664625e+01
4.521399999989080243e+01
4.293399999987013871e+01
4.161599999991449295e+01
3.770599999991100049e+01
3.699799999994138489e+01
4.587799999989510980e+01
3.288199999995413236e+01
3.136799999984941678e+01
3.036199999991367804e+01
3.011800000003859168e+01
2.949399999985325849e+01
2.962799999996786937e+01
2.893999999992229277e+01
2.938199999993958045e+01
2.979799999995884718e+01
2.911399999985587783e+01
6.912999999988096533e+01
2.849199999994016252e+01
2.751199999998061685e+01
2.673399999992398079e+01
2.561999999993713573e+01
2.514799999997194391e+01
2.363400000004185131e+01
2.353399999999965075e+01
2.291800000013608951e+01
2.168800000006740447e+01
2.203600000010192161e+01
2.123600000003352761e+01
2.098800000015762635e+01
2.051000000008207280e+01
2.022200000008160714e+01
2.002200000015000114e+01
2.049600000008649658e+01
1.984000000012019882e+01
1.968800000003830064e+01
1.966600000009202631e+01
1.997000000008847564e+01
2.029000000019004801e+01
1.880200000002514571e+01
1.956800000011571683e+01
1.958400000005349284e+01
1.888600000012957025e+01
1.852200000004813774e+01
1.931200000009266660e+01
1.852000000014231773e+01
1.763200000006327173e+01
1.807600000003003515e+01
1.569200000009004725e+01
1.695200000011391239e+01
1.600000000008003553e+01
1.353600000007281778e+01
1.525200000001495937e+01
1.346000000007916242e+01
1.376800000012008240e+01
1.252600000003440073e+01
1.193000000005122274e+01
1.257600000006641494e+01
1.014000000003579771e+01
1.124000000004889444e+01
9.880000000048312359e+00
1.030400000004010508e+01
9.196000000076310243e+00
9.463999999992665835e+00
7.934000000052037649e+00
8.786000000058265869e+00
7.516000000032363459e+00
8.596000000034109689e+00
6.994000000013329554e+00
7.906000000060885213e+00
6.818000000006577466e+00
7.168000000070605893e+00
6.476000000024214387e+00
