4.020000000000003015e-01
7.260000000000004228e-01
7.600000000000006750e-01
7.639999999999280700e-01
5.359999999999409681e-01
4.399999999999515410e-01
6.299999999999310596e-01
7.359999999999189413e-01
6.819999999999248885e-01
6.859999999999244480e-01
6.619999999999270912e-01
6.159999999999321574e-01
7.300000000000839151e-01
6.000000000002003731e-01
4.440000000001482761e-01
5.660000000001890186e-01
8.460000000002825260e-01
7.120000000002377760e-01
7.240000000002417835e-01
4.480000000001496119e-01
