8.047739999999591873e+02
1.430674000000075239e+03
1.532186000000202966e+03
1.545929999999143547e+03
1.403411999999225372e+03
1.495594000001598943e+03
1.569360000001912340e+03
1.612172000001966808e+03
1.567846000001929497e+03
1.521311999998990359e+03
1.511037999996518920e+03
1.529253999996450148e+03
1.560089999996365805e+03
1.514363999996472558e+03
1.407581999996706145e+03
1.273531999997037929e+03
1.389211999996776285e+03
1.374663999996810162e+03
1.266081999997022649e+03
7.043200000030774390e+02
