9.079449220004036324e+05
6.313855639985318994e+05
1.029861399997600820e+05
3.669143999991472811e+04
1.809113399995793588e+04
8.812277999979676679e+03
5.493877999987220392e+03
4.228279999990016222e+03
3.580611999991582707e+03
3.161367999992566183e+03
2.824347999993478879e+03
2.631503999993670732e+03
2.526857999994419515e+03
2.478563999994425103e+03
2.452459999994141981e+03
2.432439999994821846e+03
2.362749999994179234e+03
2.273443999994779006e+03
2.207269999994663522e+03
2.109489999995101243e+03
2.004841999995522201e+03
1.938179999995511025e+03
1.893975999995600432e+03
1.815113999995868653e+03
1.716375999995972961e+03
1.668293999996036291e+03
1.545043999996501952e+03
1.466557999996468425e+03
1.391919999996898696e+03
1.322295999996596947e+03
1.215183999997097999e+03
1.182861999997170642e+03
1.450047999996691942e+03
1.043975999997928739e+03
9.924659999976865947e+02
9.613659999973606318e+02
9.483539999981876463e+02
9.383259999977890402e+02
9.273979999979492277e+02
9.180379999978467822e+02
9.158579999983776361e+02
9.369619999988935888e+02
9.060959999994374812e+02
2.200770000002346933e+03
8.894460000018589199e+02
8.647340000020340085e+02
8.366560000029858202e+02
7.997680000027175993e+02
7.768300000031013042e+02
7.379240000029094517e+02
7.346440000028815120e+02
7.083560000034049153e+02
6.752320000031031668e+02
6.906620000030379742e+02
6.485300000030547380e+02
6.507560000030789524e+02
6.405100000028032809e+02
6.209060000029858202e+02
6.236400000029243529e+02
6.322740000032354146e+02
6.223900000026915222e+02
6.104220000028144568e+02
6.189100000029429793e+02
6.357180000031366944e+02
6.313840000031050295e+02
6.053100000026170164e+02
6.235880000032484531e+02
6.266720000028144568e+02
5.987560000033117831e+02
6.012200000027660280e+02
6.153480000032577664e+02
5.816240000028628856e+02
5.609480000026524067e+02
5.697680000024847686e+02
5.052100000022910535e+02
5.288640000026207417e+02
5.118900000024586916e+02
4.345700000021606684e+02
4.839060000022873282e+02
4.163940000019501895e+02
4.351240000023972243e+02
3.940320000019855797e+02
3.733880000014323741e+02
3.906880000017117709e+02
3.133920000016223639e+02
3.487720000015106052e+02
3.062120000014547259e+02
3.167940000016242266e+02
2.815520000010728836e+02
2.921980000014882535e+02
2.502140000010840595e+02
2.799240000012796372e+02
2.275600000012200326e+02
2.616680000007618219e+02
2.117940000011585653e+02
2.394680000012740493e+02
2.051720000007189810e+02
2.191180000011809170e+02
1.945160000009927899e+02
