1.780277200000773882e+04
1.233407799997131588e+04
2.003353999995371851e+03
7.113279999983242305e+02
3.522879999992219382e+02
1.734119999995818944e+02
1.091579999997265986e+02
8.238399999983084854e+01
6.973999999980878783e+01
6.130399999989458593e+01
5.413399999987450428e+01
5.111799999986396870e+01
4.928599999987636693e+01
4.868199999987700721e+01
4.797599999992235098e+01
4.730199999988690251e+01
4.643399999990651850e+01
4.486399999987770570e+01
4.327199999990261858e+01
4.135799999986920739e+01
3.942399999992630910e+01
3.755799999991722871e+01
3.690199999990727520e+01
3.527799999991839286e+01
3.304199999992852099e+01
3.232799999992130324e+01
2.984199999994598329e+01
2.872999999990861397e+01
2.682399999994231621e+01
2.542199999996955739e+01
2.279399999995075632e+01
2.268199999990611104e+01
2.809599999994679820e+01
2.033599999996658880e+01
1.883399999993707752e+01
1.858199999995849794e+01
1.840399999995861435e+01
1.791799999996874249e+01
1.754999999996653059e+01
1.761999999993713573e+01
1.748199999999633292e+01
1.773799999997572741e+01
1.754199999997217674e+01
4.255400000014924444e+01
1.705800000009185169e+01
1.677200000006268965e+01
1.605000000009749783e+01
1.531800000005023321e+01
1.496400000010180520e+01
1.387000000005355105e+01
1.389400000006571645e+01
1.334200000006967457e+01
1.310600000005069887e+01
1.310000000004220055e+01
1.262400000010529766e+01
1.216800000006332994e+01
1.237600000003294554e+01
1.177200000007724157e+01
1.161400000004505273e+01
1.205200000004697358e+01
1.196400000007270137e+01
1.157200000003649620e+01
1.180200000002514571e+01
1.246400000007270137e+01
1.207800000008865027e+01
1.149400000003515743e+01
1.191200000005483162e+01
1.207600000006641494e+01
1.144200000005366746e+01
1.170800000004965113e+01
1.186600000006001210e+01
1.126600000006874325e+01
1.084600000005593756e+01
1.083600000005390029e+01
9.698000000047613867e+00
1.007000000002881279e+01
9.730000000039581209e+00
8.164000000047963113e+00
9.486000000033527613e+00
8.016000000083295163e+00
8.492000000012922101e+00
7.604000000028463546e+00
7.192000000060943421e+00
7.475999999995110556e+00
6.020000000011350494e+00
6.656000000039057340e+00
5.926000000064959750e+00
6.222000000008847564e+00
5.272000000019033905e+00
5.662000000033003744e+00
4.720000000066647772e+00
5.306000000004132744e+00
4.436000000008789357e+00
4.949999999982537702e+00
4.106000000065250788e+00
4.656000000024505425e+00
3.787999999985913746e+00
3.960000000035506673e+00
3.650000000030559022e+00
