8.272519999999574338e+02
1.470420000000078062e+03
1.575816000000203985e+03
1.587789999999125030e+03
1.437145999999208470e+03
1.534610000001644948e+03
1.605394000001961103e+03
1.649828000002009503e+03
1.607046000001955690e+03
1.561791999999028121e+03
1.549493999996406274e+03
1.573343999996348430e+03
1.599315999996288156e+03
1.557447999996362341e+03
1.447803999996631319e+03
1.311273999996963539e+03
1.426543999996683851e+03
1.411847999996727594e+03
1.308113999996956409e+03
7.242880000031618692e+02
