8.230919999999573520e+02
1.458104000000079395e+03
1.568326000000202384e+03
1.577653999999121879e+03
1.432163999999205771e+03
1.520702000001654596e+03
1.597538000001950422e+03
1.637594000001998211e+03
1.592426000001936700e+03
1.549977999999058738e+03
1.539975999996408063e+03
1.563253999996357379e+03
1.589219999996301340e+03
1.545701999996381346e+03
1.436575999996672181e+03
1.304129999996945116e+03
1.419857999996689614e+03
1.404463999996751227e+03
1.298029999996942934e+03
7.216220000031607924e+02
