9.577919999999501215e+02
1.697260000000089576e+03
1.822464000000242777e+03
1.832617999998989035e+03
1.660641999999083964e+03
1.774582000001868437e+03
1.858890000002271336e+03
1.908716000002326837e+03
1.861090000002272063e+03
1.803035999998992338e+03
1.796365999995810853e+03
1.815925999995768507e+03
1.860351999995677033e+03
1.814851999995760707e+03
1.683647999996072031e+03
1.528259999996444094e+03
1.650533999996194325e+03
1.640381999996166996e+03
1.516839999996453116e+03
8.440240000036756101e+02
