1.270553999999935286e+03
2.283316000000114400e+03
2.459342000000322059e+03
2.448655999998648440e+03
2.214729999998764470e+03
2.393612000002523928e+03
2.522634000003065012e+03
2.595368000003181805e+03
2.517992000003068824e+03
2.429365999998266489e+03
2.414257999994399142e+03
2.463491999994268554e+03
2.507635999994163285e+03
2.439387999994323764e+03
2.261067999994716956e+03
2.006559999995326507e+03
2.173013999994924234e+03
2.177519999994918180e+03
1.987925999995401071e+03
1.089946000004994858e+03
