5.220930399999732617e+04
9.296772800000486313e+04
1.000004780000131286e+05
1.002567079999445123e+05
9.066158799994993024e+04
9.710070200010307599e+04
1.021215180001246044e+05
1.049428080001281342e+05
1.020849320001245942e+05
9.891666799993650056e+04
9.837106399977137335e+04
9.980489999976789113e+04
1.017549179997632746e+05
9.908416199976927601e+04
9.193870199978607707e+04
8.251407199980784208e+04
8.973216999979130924e+04
8.929030199979222380e+04
8.216754999980865978e+04
4.544474000020162202e+04
