2.487377400001181013e+04
1.751903199995920659e+04
2.948881999993129284e+03
1.054727999997507141e+03
5.166199999988602940e+02
2.464759999994275859e+02
1.534299999996146653e+02
1.178259999997535488e+02
1.004019999997617560e+02
8.887199999980657594e+01
7.916999999975087121e+01
7.307199999984732131e+01
7.031799999983923044e+01
6.839999999988503987e+01
6.707199999982549343e+01
6.691399999985151226e+01
6.468399999981193105e+01
6.230599999988044146e+01
6.031599999986792682e+01
5.766199999986565672e+01
5.489399999984016176e+01
5.257199999990552897e+01
5.211999999991530785e+01
5.030399999977817060e+01
4.684599999996135011e+01
4.604799999986425973e+01
4.263599999996949919e+01
4.069199999987176852e+01
3.893999999990774086e+01
3.609399999993911479e+01
3.395199999988835771e+01
3.326399999993009260e+01
4.065399999986402690e+01
2.872999999995226972e+01
2.796999999995023245e+01
2.694599999990896322e+01
2.693400000000110595e+01
2.581599999987520278e+01
2.616999999998370185e+01
2.615799999993032543e+01
2.598999999994703103e+01
2.639399999994930113e+01
2.543599999989964999e+01
6.183199999986391049e+01
2.513399999996181577e+01
2.470799999999871943e+01
2.397000000003026798e+01
2.269000000000960426e+01
2.230200000010518124e+01
2.108800000007613562e+01
2.085600000008707866e+01
2.039400000014575198e+01
1.941399999999703141e+01
1.969000000018422725e+01
1.819800000007671770e+01
1.885000000010040822e+01
1.813000000009196810e+01
1.734600000009959331e+01
1.797000000005937181e+01
1.798800000003393507e+01
1.776800000012735836e+01
1.750400000006629853e+01
1.767400000013731187e+01
1.764000000005034963e+01
1.817200000009324867e+01
1.683400000004621688e+01
1.764000000009400537e+01
1.755400000012014061e+01
1.696200000005046604e+01
1.683000000007450581e+01
1.723600000011356315e+01
1.637800000005518086e+01
1.597000000010302756e+01
1.625000000008003553e+01
1.435600000000704313e+01
1.477600000007805647e+01
1.461000000005151378e+01
1.263200000011420343e+01
1.381600000004982576e+01
1.207600000005186303e+01
1.214800000007380731e+01
1.143200000006618211e+01
1.044600000003265450e+01
1.106600000002072193e+01
8.860000000095169526e+00
9.820000000006984919e+00
8.712000000043190084e+00
9.086000000068452209e+00
8.084000000009837095e+00
8.490000000056170393e+00
7.322000000043772161e+00
8.042000000059488229e+00
6.601999999984400347e+00
7.590000000025611371e+00
6.133999999998195563e+00
6.874000000083469786e+00
5.848000000027241185e+00
6.244000000056985300e+00
5.765999999974155799e+00
