1.447596800000605981e+04
9.950109999976872132e+03
1.588493999996306229e+03
5.593659999987467017e+02
2.779859999993241217e+02
1.404339999996627739e+02
8.772999999980675057e+01
6.707999999981620931e+01
5.627599999989251955e+01
5.002999999987514457e+01
4.464599999989877688e+01
4.215599999991172808e+01
4.040399999990404467e+01
3.932599999990998185e+01
3.932399999988774653e+01
3.900399999992441735e+01
3.772399999992558151e+01
3.689399999990200740e+01
3.545199999990654760e+01
3.395199999991746154e+01
3.239599999993515667e+01
3.137399999994158861e+01
3.014999999992141966e+01
2.877399999994304380e+01
2.711999999992258381e+01
2.685599999993064557e+01
2.451399999993373058e+01
2.296999999996114639e+01
2.188999999995212420e+01
2.105199999997421401e+01
1.929799999994793325e+01
1.827599999996891711e+01
2.253399999993416714e+01
1.608799999997063424e+01
1.544799999993483652e+01
1.497799999998460407e+01
1.485599999995974940e+01
1.450799999996888801e+01
1.455399999996734550e+01
1.405199999997785199e+01
1.448599999999714782e+01
1.456600000007165363e+01
1.389600000002974411e+01
3.417800000012357486e+01
1.354600000005666516e+01
1.318400000006658956e+01
1.284400000005916809e+01
1.231200000004901085e+01
1.185200000005352194e+01
1.120400000007430208e+01
1.146400000004723552e+01
1.068600000004880712e+01
1.017600000004676986e+01
1.044600000004356843e+01
9.938000000071042450e+00
9.878000000015163096e+00
9.766000000076019205e+00
9.356000000057974830e+00
9.414000000004307367e+00
9.846000000059575541e+00
9.574000000051455572e+00
9.422000000049592927e+00
9.648000000041065505e+00
9.660000000047148205e+00
9.794000000048981747e+00
9.454000000034284312e+00
9.752000000051339157e+00
9.730000000046857167e+00
9.218000000062602339e+00
9.326000000033673132e+00
9.608000000065658242e+00
9.096000000023195753e+00
8.848000000038155122e+00
8.620000000028085196e+00
7.882000000052357791e+00
8.240000000034342520e+00
7.668000000034226105e+00
6.878000000040628947e+00
7.622000000039406586e+00
6.330000000016298145e+00
6.712000000032276148e+00
5.924000000046362402e+00
5.679999999996653059e+00
6.022000000040861778e+00
4.756000000033964170e+00
5.148000000019237632e+00
4.296000000020285370e+00
4.696000000010826625e+00
4.326000000040949089e+00
4.324000000029627699e+00
3.720000000001164153e+00
4.192000000006373739e+00
3.418000000023312168e+00
4.106000000032508979e+00
3.080000000016298145e+00
3.613999999997759005e+00
3.042000000030384399e+00
3.254000000008090865e+00
2.838000000007014023e+00
