1.080575999999944997e+03
1.925650000000101500e+03
2.071066000000265831e+03
2.083817999998851519e+03
1.878969999998960702e+03
2.007704000002173416e+03
2.111692000002569330e+03
2.170088000002646368e+03
2.110708000002578046e+03
2.051043999998597428e+03
2.035191999995269725e+03
2.064311999995210499e+03
2.104363999995093764e+03
2.039809999995246471e+03
1.893303999995634513e+03
1.705721999996003433e+03
1.859345999995679449e+03
1.845797999995709688e+03
1.696207999996055150e+03
9.381440000041839085e+02
