9.397639999999526026e+02
1.675714000000087481e+03
1.796178000000228167e+03
1.808639999999004431e+03
1.630927999999099484e+03
1.742670000001875451e+03
1.835014000002227476e+03
1.878602000002298155e+03
1.831188000002241097e+03
1.777531999998835090e+03
1.763347999995905411e+03
1.789013999995862832e+03
1.823973999995763734e+03
1.777219999995868420e+03
1.645195999996201863e+03
1.484921999996498926e+03
1.617169999996240222e+03
1.605655999996259197e+03
1.477951999996566883e+03
8.213760000035872508e+02
