1.445963999999924454e+03
2.586130000000135624e+03
2.784604000000361339e+03
2.777881999998459833e+03
2.501729999998626226e+03
2.707206000002837754e+03
2.846616000003483350e+03
2.923966000003569206e+03
2.842338000003459456e+03
2.743725999998172483e+03
2.734465999993633886e+03
2.778313999993530160e+03
2.836143999993397301e+03
2.756769999993528472e+03
2.557605999994069862e+03
2.283277999994723359e+03
2.487161999994183134e+03
2.476965999994230515e+03
2.263977999994727725e+03
1.242988000005643698e+03
