5.593139999999715428e+02
9.943580000000521295e+02
1.065762000000139778e+03
1.076041999999407381e+03
9.762059999994621649e+02
1.033878000001112923e+03
1.084556000001323810e+03
1.113710000001352455e+03
1.085568000001316250e+03
1.058559999999370120e+03
1.048633999997566207e+03
1.060855999997540493e+03
1.083069999997491323e+03
1.053243999997554056e+03
9.780119999977305270e+02
8.913499999979412678e+02
9.662039999977641855e+02
9.565519999977841508e+02
8.859599999979254790e+02
4.930620000021190208e+02
