2.581982800001241412e+04
1.823026599995760625e+04
3.087405999992799480e+03
1.109619999997441482e+03
5.425739999986835755e+02
2.579839999994728714e+02
1.605719999995926628e+02
1.243839999997435370e+02
1.048579999997236882e+02
9.256999999976687832e+01
8.215799999985028990e+01
7.588799999976617983e+01
7.282999999989260687e+01
7.146799999981885776e+01
7.011399999979039421e+01
6.934199999993143138e+01
6.784599999977945117e+01
6.586599999984173337e+01
6.307399999986955663e+01
6.039799999993556412e+01
5.734799999980168650e+01
5.558199999986391049e+01
5.419599999984347960e+01
5.247599999986414332e+01
4.936799999999493593e+01
4.809399999981542351e+01
4.437999999988824129e+01
4.264599999992060475e+01
4.016799999991053483e+01
3.837399999990884680e+01
3.504999999989377102e+01
3.501999999994586688e+01
4.282799999984854367e+01
3.107799999996495899e+01
2.964999999992141966e+01
2.880199999995966209e+01
2.823599999988800846e+01
2.781599999995523831e+01
2.726799999994545942e+01
2.748599999998259591e+01
2.707799999991402728e+01
2.783599999993020901e+01
2.725399999992077937e+01
6.417999999990570359e+01
2.629199999989941716e+01
2.589399999994202517e+01
2.493599999998696148e+01
2.401200000003882451e+01
2.340800000010494841e+01
2.213800000006449409e+01
2.158800000012706732e+01
2.131600000005710172e+01
2.019600000014179386e+01
2.057400000004417961e+01
1.921600000014586840e+01
1.927800000011484371e+01
1.889800000008108327e+01
1.861400000001594890e+01
1.827000000006955815e+01
1.870400000016525155e+01
1.839400000005844049e+01
1.780000000008294592e+01
1.824400000010064105e+01
1.872400000003835885e+01
1.875400000009540236e+01
1.815800000011950033e+01
1.823400000010587974e+01
1.859200000009150244e+01
1.807200000005104812e+01
1.767000000010011718e+01
1.813000000010652002e+01
1.724200000010023359e+01
1.635600000007980270e+01
1.650600000005215406e+01
1.475800000003073364e+01
1.545600000009289943e+01
1.509800000007817289e+01
1.284000000003288733e+01
1.435200000012991950e+01
1.215600000005360926e+01
1.281000000004860340e+01
1.185200000007171184e+01
1.135600000000704313e+01
1.131600000004982576e+01
9.334000000133528374e+00
1.061400000002322486e+01
9.074000000000523869e+00
9.250000000116415322e+00
8.459999999940919224e+00
8.874000000098021701e+00
7.616000000052736141e+00
8.342000000062398612e+00
6.848000000012689270e+00
7.907999999995809048e+00
6.572000000007392373e+00
6.944000000046798959e+00
6.298000000053434633e+00
6.664000000033411197e+00
5.774000000041269232e+00
