1.176168400000481051e+04
8.057351999981296103e+03
1.252789999997068662e+03
4.466839999989715579e+02
2.211219999994718819e+02
1.086839999997464474e+02
6.659399999984088936e+01
5.199599999989004573e+01
4.376399999989007483e+01
3.881199999992168159e+01
3.448999999992156518e+01
3.167199999992590165e+01
3.087199999992299126e+01
3.037199999994118116e+01
2.982399999991685036e+01
3.001999999993495294e+01
2.950199999992400990e+01
2.848999999992520316e+01
2.770599999994738027e+01
2.657399999993504025e+01
2.535799999994196696e+01
2.427599999993981328e+01
2.435599999993792153e+01
2.272599999995145481e+01
2.142799999994167592e+01
2.088399999995817780e+01
1.944399999997040140e+01
1.834199999994234531e+01
1.782199999996373663e+01
1.663799999993716483e+01
1.528000000000247383e+01
1.514999999996507540e+01
1.781799999994473183e+01
1.301599999995960388e+01
1.290999999997438863e+01
1.199599999998099520e+01
1.227199999998265412e+01
1.185399999995570397e+01
1.165199999998003477e+01
1.181599999997342820e+01
1.156199999996533734e+01
1.179799999998795101e+01
1.120199999999749707e+01
2.770800000008239294e+01
1.090800000005037873e+01
1.084000000004016329e+01
1.057400000005509355e+01
1.018400000003748573e+01
9.610000000036961865e+00
9.250000000043655746e+00
9.152000000041880412e+00
8.778000000038446160e+00
8.434000000041123712e+00
8.458000000042375177e+00
8.222000000030675437e+00
8.174000000042724423e+00
8.082000000031257514e+00
7.884000000030937372e+00
7.830000000045401976e+00
8.064000000023952452e+00
7.754000000029918738e+00
7.838000000043393811e+00
7.978000000039173756e+00
8.142000000050757080e+00
7.888000000039028237e+00
7.670000000027357601e+00
8.020000000018626451e+00
8.118000000053143594e+00
7.618000000027677743e+00
7.800000000061118044e+00
7.808000000019092113e+00
7.382000000041443855e+00
7.218000000029860530e+00
7.518000000029132934e+00
6.398000000033789547e+00
6.968000000029860530e+00
6.506000000023050234e+00
5.568000000021129381e+00
6.036000000036437996e+00
5.116000000038184226e+00
5.562000000027182978e+00
5.014000000013766112e+00
4.668000000037864083e+00
5.236000000004423782e+00
3.932000000040716259e+00
4.344000000011874363e+00
3.866000000009080395e+00
4.022000000033585820e+00
3.605999999992491212e+00
3.766000000025087502e+00
3.162000000022089807e+00
3.624000000014348188e+00
2.982000000029074727e+00
3.476000000020576408e+00
2.640000000010331860e+00
2.995999999991909135e+00
2.690000000024156179e+00
2.764000000006490154e+00
2.446000000018102583e+00
