9.044639999999535576e+02
1.605614000000085070e+03
1.725044000000227243e+03
1.737987999999037129e+03
1.577113999999122825e+03
1.673884000001809000e+03
1.762222000002144341e+03
1.811776000002217188e+03
1.763774000002149478e+03
1.709451999998895189e+03
1.699363999996043276e+03
1.720643999996013008e+03
1.752933999995904742e+03
1.708933999996010243e+03
1.581763999996321218e+03
1.427659999996682018e+03
1.556735999996373721e+03
1.545903999996407947e+03
1.427811999996672967e+03
7.911200000034623372e+02
