9.820422000004038637e+03
6.715843999984424954e+03
1.066673999997521605e+03
3.734099999991376535e+02
1.874959999995699036e+02
9.501999999977488187e+01
5.979399999985980685e+01
4.592799999989438220e+01
3.892999999990570359e+01
3.404999999991923687e+01
3.061199999993914389e+01
2.873799999993207166e+01
2.764799999993192614e+01
2.772599999995145481e+01
2.724999999993087840e+01
2.686399999992863741e+01
2.666399999993882375e+01
2.548999999994339305e+01
2.505599999993864913e+01
2.359199999993870733e+01
2.241599999995378312e+01
2.164599999996426050e+01
2.120399999995061080e+01
1.998599999996076804e+01
1.915199999992910307e+01
1.836599999996906263e+01
1.676999999994586688e+01
1.601199999996970291e+01
1.513399999995817780e+01
1.460399999997025589e+01
1.316399999997156556e+01
1.273399999998582643e+01
1.520599999995101825e+01
1.081599999998070416e+01
1.046999999996842234e+01
1.005999999997220584e+01
9.977999999988242052e+00
1.002399999997214763e+01
9.882000000005064066e+00
9.235999999975319952e+00
9.566000000020721927e+00
9.718000000022584572e+00
9.330000000052677933e+00
2.305200000009790529e+01
9.140000000039435690e+00
8.970000000030267984e+00
8.450000000044383341e+00
8.202000000044790795e+00
8.170000000030995579e+00
7.794000000034429831e+00
7.382000000045081833e+00
7.374000000028900104e+00
6.876000000032945536e+00
7.184000000037485734e+00
6.894000000025698682e+00
6.812000000041734893e+00
6.666000000030180672e+00
6.208000000013271347e+00
6.470000000055733835e+00
6.556000000036874553e+00
6.302000000006955815e+00
6.352000000031694071e+00
6.378000000044266926e+00
6.504000000026280759e+00
6.564000000023952452e+00
6.466000000040367013e+00
6.768000000032770913e+00
6.384000000020023435e+00
6.202000000033876859e+00
6.280000000035215635e+00
6.250000000014551915e+00
6.346000000045023626e+00
5.736000000015337719e+00
5.934000000033847755e+00
5.520000000036816346e+00
5.668000000012398232e+00
5.180000000033032848e+00
4.528000000016618287e+00
5.034000000017840648e+00
4.254000000022642780e+00
4.532000000024709152e+00
4.074000000025989721e+00
3.828000000015890691e+00
3.850000000024010660e+00
3.250000000010913936e+00
3.532000000021071173e+00
3.176000000010390067e+00
3.212000000010448275e+00
2.710000000017316779e+00
3.014000000021042069e+00
2.661999999989347998e+00
2.804000000021915184e+00
2.142000000014377292e+00
2.758000000008905772e+00
2.104000000028463546e+00
2.439999999995052349e+00
2.052000000014231773e+00
2.166000000011990778e+00
1.962000000010448275e+00
