1.384000600000574013e+04
9.491657999977973304e+03
1.508791999996490631e+03
5.312399999987428600e+02
2.657899999994115205e+02
1.345799999996597762e+02
8.428199999982825830e+01
6.382399999983681482e+01
5.379999999988285708e+01
4.753799999989860225e+01
4.325399999986984767e+01
4.029799999992974335e+01
3.854799999990791548e+01
3.825199999990218203e+01
3.778799999992043013e+01
3.731799999991199002e+01
3.662799999990966171e+01
3.526799999991999357e+01
3.421799999990980723e+01
3.202999999994790414e+01
3.068599999990692595e+01
3.000599999991754885e+01
2.946999999994295649e+01
2.819799999995302642e+01
2.625799999993614620e+01
2.576199999992240919e+01
2.360999999995328835e+01
2.236399999996137922e+01
2.063799999995171675e+01
1.989199999993070378e+01
1.810399999995934195e+01
1.770999999994091922e+01
2.133999999996012775e+01
1.570999999997729901e+01
1.435799999998198473e+01
1.440199999995093094e+01
1.409799999995811959e+01
1.379999999999927240e+01
1.364199999996344559e+01
1.342799999997441773e+01
1.383200000002034358e+01
1.364200000000346336e+01
1.304600000006757909e+01
3.253800000012779492e+01
1.310000000007130438e+01
1.256800000006478513e+01
1.210800000004383037e+01
1.152000000004409230e+01
1.129600000006757909e+01
1.058800000005430775e+01
1.079400000004898175e+01
1.038400000006367918e+01
9.904000000045925844e+00
1.007000000003245077e+01
9.470000000052095857e+00
9.410000000036234269e+00
9.304000000054656994e+00
9.002000000022235326e+00
8.960000000057334546e+00
9.678000000061729224e+00
8.984000000036758138e+00
9.052000000014231773e+00
9.164000000077066943e+00
9.604000000024825567e+00
9.460000000060972525e+00
9.094000000019150320e+00
9.300000000053842086e+00
9.192000000031839591e+00
8.754000000040832674e+00
8.992000000052939868e+00
9.368000000034953700e+00
8.598000000070896931e+00
8.250000000014551915e+00
8.498000000057800207e+00
7.442000000024563633e+00
7.788000000029569492e+00
7.616000000045460183e+00
6.528000000012980308e+00
7.236000000051717507e+00
6.014000000024680048e+00
6.524000000044907210e+00
5.916000000033818651e+00
5.555999999993218808e+00
5.650000000052386895e+00
4.468000000018946594e+00
5.012000000024272595e+00
4.610000000011496013e+00
4.558000000026368070e+00
4.054000000032829121e+00
4.182000000011612428e+00
3.610000000029685907e+00
4.062000000016269041e+00
3.112000000004627509e+00
3.724000000009255018e+00
2.900000000008731149e+00
3.364000000012310920e+00
3.002000000022235326e+00
3.084000000028026989e+00
2.606000000032508979e+00
