2.413780200001146295e+04
1.699491599996039440e+04
2.866051999993302161e+03
1.025881999997698586e+03
5.035119999988382915e+02
2.393719999994063983e+02
1.495919999996331171e+02
1.148599999997459236e+02
9.736799999979848508e+01
8.653999999976804247e+01
7.710999999982595909e+01
7.091399999980785651e+01
6.782399999983317684e+01
6.681199999985983595e+01
6.590999999987252522e+01
6.533799999985058093e+01
6.314599999988422496e+01
6.057999999982712325e+01
5.923999999984516762e+01
5.643599999988509808e+01
5.312399999990157085e+01
5.225799999981245492e+01
5.088399999993271194e+01
4.851799999987997580e+01
4.572599999992235098e+01
4.438999999988300260e+01
4.127199999984441092e+01
3.971799999994982500e+01
3.779199999993579695e+01
3.543999999987863703e+01
3.252799999995477265e+01
3.240799999988666968e+01
3.942399999995541293e+01
2.849399999993329402e+01
2.709199999988777563e+01
2.651999999996769475e+01
2.581599999992613448e+01
2.571399999991990626e+01
2.552599999999074498e+01
2.519799999993119854e+01
2.506599999994796235e+01
2.584399999993183883e+01
2.469799999994575046e+01
5.996999999986292096e+01
2.470199999996111728e+01
2.364799999998649582e+01
2.295000000011350494e+01
2.220000000005529728e+01
2.120400000008521602e+01
2.029800000014074612e+01
2.013200000004871981e+01
1.960000000010040822e+01
1.874600000011560041e+01
1.904600000005302718e+01
1.777000000004045432e+01
1.777600000017991988e+01
1.749600000002828892e+01
1.735000000005675247e+01
1.710200000012991950e+01
1.742000000007828930e+01
1.699000000004889444e+01
1.640400000010413351e+01
1.685000000008585630e+01
1.747200000003795139e+01
1.715800000012677629e+01
1.614800000005925540e+01
1.714000000009400537e+01
1.695800000012968667e+01
1.636200000005192123e+01
1.632200000003649620e+01
1.699800000012328383e+01
1.604000000009546056e+01
1.519600000002537854e+01
1.565600000010454096e+01
1.371600000003672903e+01
1.418400000004476169e+01
1.406000000007043127e+01
1.211200000007374911e+01
1.324000000008527422e+01
1.140000000005966285e+01
1.172000000007392373e+01
1.068000000000029104e+01
9.848000000027241185e+00
1.068600000003789319e+01
8.682000000146217644e+00
9.912000000003899913e+00
8.552000000046973582e+00
8.714000000021769665e+00
7.522000000055413693e+00
7.840000000003783498e+00
7.160000000061700121e+00
7.790000000044528861e+00
6.250000000065483619e+00
7.343999999997322448e+00
5.949999999975261744e+00
6.720000000066647772e+00
5.599999999969440978e+00
6.060000000077707227e+00
5.538000000051397365e+00
