9.060499999999536840e+02
1.605112000000083299e+03
1.722012000000232092e+03
1.736367999999040876e+03
1.579399999999132888e+03
1.668246000001760876e+03
1.758636000002146830e+03
1.806952000002189379e+03
1.760726000002148794e+03
1.709901999999048712e+03
1.700941999996060986e+03
1.719777999996014842e+03
1.755845999995919556e+03
1.712483999996009516e+03
1.597659999996318220e+03
1.448419999996625847e+03
1.559399999996359838e+03
1.554749999996369297e+03
1.434869999996644765e+03
7.953880000034805562e+02
