3.600000000000002642e-01
6.080000000000005400e-01
5.140000000000003455e-01
6.279999999999881233e-01
4.319999999999524221e-01
3.699999999999592504e-01
5.019999999999447127e-01
5.559999999999387654e-01
5.119999999999440554e-01
5.839999999999356817e-01
5.339999999999411884e-01
5.539999999999389857e-01
5.739999999999367830e-01
5.199999999999427303e-01
3.679999999999594706e-01
4.599999999999830891e-01
6.900000000002304290e-01
5.700000000001903544e-01
6.300000000002103917e-01
3.160000000001055298e-01
