1.581745200000671684e+04
1.090161599997463418e+04
1.753605999995928869e+03
6.176079999985486211e+02
3.079099999992868106e+02
1.526999999996587576e+02
9.649999999974170350e+01
7.364799999985189061e+01
6.209999999985666364e+01
5.413199999986682087e+01
4.888599999987127376e+01
4.568799999988186755e+01
4.424199999992924859e+01
4.335999999990235665e+01
4.288399999990360811e+01
4.261599999988538912e+01
4.143199999992066296e+01
3.979599999988568015e+01
3.858799999990878860e+01
3.717999999990570359e+01
3.489199999993070378e+01
3.316799999993600068e+01
3.256399999991845107e+01
3.141799999991781078e+01
3.012199999993754318e+01
2.915799999993760139e+01
2.685199999995165854e+01
2.549999999992724042e+01
2.384199999993506935e+01
2.266199999993841629e+01
2.072799999995913822e+01
2.006199999995806138e+01
2.476399999994828249e+01
1.788999999995940016e+01
1.665799999996670522e+01
1.600399999997171108e+01
1.580999999993946403e+01
1.573799999996845145e+01
1.564799999995011603e+01
1.524600000000282307e+01
1.524799999996685074e+01
1.586800000002040179e+01
1.492399999999543070e+01
3.785000000016952981e+01
1.511600000007456401e+01
1.443600000007791095e+01
1.389800000004834146e+01
1.337800000008064671e+01
1.300600000005215406e+01
1.255800000007366179e+01
1.277200000005177571e+01
1.185800000004019239e+01
1.123600000006626942e+01
1.153800000005503534e+01
1.066000000005442416e+01
1.066000000005442416e+01
1.075600000005215406e+01
1.053200000005745096e+01
1.081000000004132744e+01
1.057800000005227048e+01
1.078600000004007597e+01
1.043600000007063500e+01
1.032000000003972673e+01
1.103400000005422044e+01
1.091800000005605398e+01
1.047800000005372567e+01
1.042000000004190952e+01
1.071400000002540764e+01
9.792000000074040145e+00
1.024200000005657785e+01
1.041600000004109461e+01
1.001800000005096081e+01
9.426000000035855919e+00
9.712000000032276148e+00
8.518000000054598786e+00
8.730000000028667273e+00
8.722000000045227353e+00
7.184000000037485734e+00
8.072000000029220246e+00
6.888000000060856109e+00
7.222000000041589374e+00
6.665999999986524926e+00
6.076000000044587068e+00
6.552000000017869752e+00
5.106000000039784936e+00
6.064000000034866389e+00
5.066000000017083948e+00
5.112000000041007297e+00
4.612000000019179424e+00
4.850000000038562575e+00
4.077999999994062819e+00
4.788000000018655555e+00
3.788000000022293534e+00
4.370000000038999133e+00
3.543999999998050043e+00
4.014000000035593985e+00
3.326000000011845259e+00
3.668000000016036211e+00
3.289999999997235136e+00
