8.814299999999542479e+02
1.558826000000085969e+03
1.672898000000212051e+03
1.687405999999067717e+03
1.528835999999158048e+03
1.625938000001762703e+03
1.702798000002076151e+03
1.754500000002140951e+03
1.702562000002075365e+03
1.659541999998938991e+03
1.647847999996170984e+03
1.666427999996132712e+03
1.692759999996054830e+03
1.651333999996164493e+03
1.534431999996410013e+03
1.389071999996762315e+03
1.510951999996468658e+03
1.498137999996521103e+03
1.381893999996769708e+03
7.682760000033558754e+02
