1.318016800000526928e+04
8.989881999979126704e+03
1.388037999996784492e+03
4.954979999988390773e+02
2.448999999994557584e+02
1.222019999997100967e+02
7.613399999983448652e+01
5.841999999985637260e+01
4.904599999987112824e+01
4.359999999991487130e+01
3.930999999988853233e+01
3.639199999991615186e+01
3.512799999993148958e+01
3.482999999991079676e+01
3.444599999990896322e+01
3.430599999994592508e+01
3.342399999991903314e+01
3.212799999991329969e+01
3.087999999992825906e+01
2.999199999992197263e+01
2.846999999995023245e+01
2.783399999992980156e+01
2.714599999992788071e+01
2.537599999994199607e+01
2.413399999995453982e+01
2.381599999994432437e+01
2.180999999995401595e+01
2.086199999994278187e+01
1.962799999994604150e+01
1.852399999996850966e+01
1.724999999995634425e+01
1.653799999995680992e+01
2.017199999996591941e+01
1.464799999997194391e+01
1.395599999996193219e+01
1.359399999997185660e+01
1.329399999993984238e+01
1.313999999999941792e+01
1.306399999995846883e+01
1.286199999999007559e+01
1.280599999998230487e+01
1.306399999999484862e+01
1.246999999999752617e+01
3.091800000009607174e+01
1.209000000005107722e+01
1.210400000005756738e+01
1.153200000007564086e+01
1.093200000003707828e+01
1.086800000005678157e+01
1.034000000003652531e+01
1.003400000003239256e+01
9.940000000071449904e+00
9.354000000039377483e+00
9.644000000036612619e+00
8.836000000042986358e+00
8.996000000057392754e+00
8.734000000029482180e+00
8.654000000042287866e+00
8.722000000063417247e+00
8.792000000037660357e+00
8.682000000022526365e+00
8.568000000039319275e+00
8.574000000033265678e+00
8.572000000058324076e+00
8.756000000030326191e+00
8.144000000043888576e+00
8.860000000029685907e+00
9.068000000035681296e+00
8.430000000054860720e+00
8.746000000031926902e+00
8.508000000059837475e+00
8.118000000038591679e+00
7.810000000026775524e+00
7.800000000042928150e+00
7.122000000024854671e+00
7.454000000041560270e+00
7.080000000019936124e+00
5.998000000054162228e+00
6.766000000025087502e+00
5.572000000025582267e+00
6.096000000034109689e+00
5.480000000014115358e+00
5.328000000037718564e+00
5.542000000015832484e+00
4.268000000014581019e+00
4.766000000043277396e+00
4.248000000006868504e+00
4.411999999996623956e+00
3.940000000042346073e+00
4.038000000058673322e+00
3.413999999982479494e+00
3.754000000019004801e+00
3.042000000001280569e+00
3.710000000039144652e+00
3.039999999997235136e+00
3.306000000022322638e+00
2.746000000017374987e+00
2.992000000002008164e+00
2.714000000025407644e+00
