1.346571000000561617e+04
9.239841999978478270e+03
1.471311999996556551e+03
5.160439999988193449e+02
2.589199999993834354e+02
1.298379999996905099e+02
8.167599999981393921e+01
6.284799999985625618e+01
5.196999999988111085e+01
4.607599999988451600e+01
4.194999999990250217e+01
3.894799999993119854e+01
3.808599999989746721e+01
3.771599999992031371e+01
3.678799999989496428e+01
3.650799999991431832e+01
3.597999999992680387e+01
3.497799999993003439e+01
3.285399999991204822e+01
3.185999999993509846e+01
3.014799999989190837e+01
2.955999999995401595e+01
2.858999999993829988e+01
2.698799999993207166e+01
2.596199999994496466e+01
2.526799999994182144e+01
2.309999999994397513e+01
2.165599999994810787e+01
2.027799999994385871e+01
1.949399999995512189e+01
1.742199999996591941e+01
1.733399999997345731e+01
2.125999999996565748e+01
1.526999999992403900e+01
1.419999999998253770e+01
1.376399999994828249e+01
1.360599999997793930e+01
1.326999999998224666e+01
1.310199999996984843e+01
1.329199999999764259e+01
1.305200000001059379e+01
1.347000000002663000e+01
1.271000000003914465e+01
3.184400000014284160e+01
1.263600000004953472e+01
1.265800000003946479e+01
1.164400000008390634e+01
1.111000000006242772e+01
1.074800000003961031e+01
1.027800000005299808e+01
1.058000000004176400e+01
1.008200000004217145e+01
9.566000000060739694e+00
9.950000000055297278e+00
9.244000000013329554e+00
9.234000000065861968e+00
9.162000000025727786e+00
8.800000000064756023e+00
9.058000000040919986e+00
8.782000000010157237e+00
9.194000000086816726e+00
8.886000000027706847e+00
8.758000000019819709e+00
9.146000000077037839e+00
9.020000000022264430e+00
8.776000000052590622e+00
9.076000000037311111e+00
9.196000000047206413e+00
8.560000000034051482e+00
8.586000000057538273e+00
8.896000000029744115e+00
8.282000000042899046e+00
8.252000000044063199e+00
8.274000000015803380e+00
7.150000000030559022e+00
7.766000000061467290e+00
7.454000000023370376e+00
6.400000000023283064e+00
6.982000000025436748e+00
5.706000000038329745e+00
6.326000000033673132e+00
5.784000000028754584e+00
5.342000000018742867e+00
5.390000000046711648e+00
4.408000000010360964e+00
4.836000000035710400e+00
4.115999999998166459e+00
4.444000000014057150e+00
3.910000000032596290e+00
3.986000000026251655e+00
3.345999999994091922e+00
4.048000000046158675e+00
3.194000000006781192e+00
3.636000000002240995e+00
2.884000000023661414e+00
3.328000000023166649e+00
2.791999999979452696e+00
2.984000000040396117e+00
2.621999999999388820e+00
