1.535325600000628219e+04
1.052078199997557931e+04
1.646759999996163970e+03
5.898219999986358744e+02
2.910999999993073288e+02
1.442939999996451661e+02
8.988799999982074951e+01
7.010799999982555164e+01
5.957999999987805495e+01
5.277599999987069168e+01
4.752999999987514457e+01
4.389399999992019730e+01
4.212799999991329969e+01
4.172399999987828778e+01
4.150199999990218203e+01
4.086799999992581434e+01
3.975799999988885247e+01
3.796799999990253127e+01
3.694999999992796802e+01
3.553199999991920777e+01
3.370999999991909135e+01
3.223799999995026155e+01
3.186199999989185017e+01
3.041599999994650716e+01
2.925399999994988320e+01
2.817999999990570359e+01
2.553399999994144309e+01
2.396199999992313678e+01
2.299399999996967381e+01
2.172399999994377140e+01
2.000199999995675171e+01
1.944799999994938844e+01
2.360599999995611142e+01
1.724199999996199040e+01
1.609199999995325925e+01
1.562999999996827682e+01
1.531799999997747364e+01
1.518599999994330574e+01
1.510799999997834675e+01
1.478999999994630343e+01
1.535599999998157728e+01
1.542399999999543070e+01
1.506199999997261330e+01
3.661400000010689837e+01
1.469000000006417395e+01
1.428400000003603054e+01
1.382600000009188079e+01
1.301600000004327740e+01
1.272200000003795139e+01
1.214200000005075708e+01
1.199200000008568168e+01
1.165600000005360926e+01
1.103400000002875458e+01
1.137800000006245682e+01
1.060800000005474431e+01
1.077400000005582115e+01
1.073600000002625166e+01
1.032200000006923801e+01
1.034000000003288733e+01
1.038400000003821333e+01
1.008200000007855124e+01
1.017400000005000038e+01
1.025000000002546585e+01
1.061600000006365008e+01
1.038000000005558832e+01
9.794000000034429831e+00
1.040000000006330083e+01
1.036000000003332389e+01
1.002800000005299808e+01
9.982000000029074727e+00
1.001800000008734060e+01
9.618000000042229658e+00
9.102000000038970029e+00
9.880000000030122465e+00
8.394000000062078470e+00
8.862000000004627509e+00
8.540000000069994712e+00
7.368000000020401785e+00
8.058000000055471901e+00
6.730000000035943231e+00
7.168000000034226105e+00
6.626000000032945536e+00
6.084000000009837095e+00
6.286000000029162038e+00
5.126000000040221494e+00
5.562000000019907020e+00
5.124000000007072231e+00
5.246000000053754775e+00
4.604000000010273652e+00
4.746000000017374987e+00
4.092000000036932761e+00
4.541999999990366632e+00
3.586000000035710400e+00
4.314000000027590431e+00
3.284000000006926712e+00
4.000000000032741809e+00
3.388000000009924406e+00
3.674000000017258571e+00
3.242000000009284122e+00
