1.020305999999947744e+03
1.816500000000093678e+03
1.956082000000254084e+03
1.960639999998919848e+03
1.772037999999022759e+03
1.901390000002020315e+03
1.995438000002433910e+03
2.048252000002490604e+03
1.989970000002444067e+03
1.935815999998736515e+03
1.924503999995533377e+03
1.948487999995439168e+03
1.983267999995434366e+03
1.927865999995505263e+03
1.792505999995843013e+03
1.607995999996262981e+03
1.759501999995889491e+03
1.749203999995937920e+03
1.608975999996255268e+03
8.885900000039473525e+02
