7.941699999999590318e+02
1.405770000000076379e+03
1.505488000000189913e+03
1.514957999999167441e+03
1.370779999999239408e+03
1.457202000001570013e+03
1.535546000001870198e+03
1.574228000001907276e+03
1.533382000001871347e+03
1.491459999999080537e+03
1.481719999996579645e+03
1.499715999996518804e+03
1.525023999996461498e+03
1.486753999996533821e+03
1.384233999996773491e+03
1.253341999997111998e+03
1.361461999996834493e+03
1.350087999996856524e+03
1.248219999997101695e+03
6.929460000030012452e+02
