8.936770000003896712e+03
6.202763999985611008e+03
9.974319999976942199e+02
3.573839999991687364e+02
1.747179999995969411e+02
8.423599999980433495e+01
5.207199999988006311e+01
3.979999999989377102e+01
3.472799999993003439e+01
3.001999999993495294e+01
2.733399999992616358e+01
2.510199999995529652e+01
2.454799999992974335e+01
2.413799999995171675e+01
2.384399999995002872e+01
2.352199999994263635e+01
2.288599999994039536e+01
2.177799999995477265e+01
2.133799999994880636e+01
2.050199999995311373e+01
1.910399999995206599e+01
1.846199999996315455e+01
1.833599999995567487e+01
1.772599999995873077e+01
1.649599999995552935e+01
1.632399999996414408e+01
1.480999999996856786e+01
1.454599999995843973e+01
1.375199999997494160e+01
1.314599999996789848e+01
1.200199999997494160e+01
1.170799999997325358e+01
1.442599999996309634e+01
1.008999999997831765e+01
9.749999999981810106e+00
9.395999999975174433e+00
9.259999999976571416e+00
9.267999999978201231e+00
9.179999999978463165e+00
9.007999999976163963e+00
8.815999999984342139e+00
9.217999999968014890e+00
9.119999999991705408e+00
2.148399999997491250e+01
8.622000000010302756e+00
8.552000000025145710e+00
8.318000000032043317e+00
7.790000000033614924e+00
7.708000000027823262e+00
7.252000000047701178e+00
7.126000000040221494e+00
6.718000000022584572e+00
6.712000000035914127e+00
6.638000000024476321e+00
6.288000000040483428e+00
6.408000000028550858e+00
6.168000000030588126e+00
6.026000000030762749e+00
6.180000000029394869e+00
6.166000000019266736e+00
6.174000000039086444e+00
5.754000000022642780e+00
6.220000000030267984e+00
6.182000000037078280e+00
6.180000000025756890e+00
5.970000000026630005e+00
6.130000000022846507e+00
5.952000000022962922e+00
6.036000000043713953e+00
6.070000000014260877e+00
6.072000000047410140e+00
5.538000000018655555e+00
5.512000000020634616e+00
5.648000000033789547e+00
4.878000000018801074e+00
5.166000000022904715e+00
4.938000000031024683e+00
4.346000000012281816e+00
4.794000000023515895e+00
4.136000000016792910e+00
4.372000000032130629e+00
3.854000000013911631e+00
3.538000000011379598e+00
3.868000000031315722e+00
3.110000000007858034e+00
3.466000000011263182e+00
3.090000000025611371e+00
3.284000000014202669e+00
2.862000000008265488e+00
2.882000000005064066e+00
2.482000000025436748e+00
2.890000000010331860e+00
2.356000000010681106e+00
2.592000000000552973e+00
2.012000000020634616e+00
2.326000000008207280e+00
2.012000000016996637e+00
2.310000000001309672e+00
1.902000000012776582e+00
