1.233665999999937185e+03
2.200194000000115921e+03
2.373942000000311054e+03
2.375137999998678424e+03
2.145441999998808569e+03
2.301854000002460452e+03
2.424490000002962915e+03
2.491636000003034496e+03
2.422450000002969318e+03
2.339303999998450308e+03
2.330427999994550191e+03
2.364483999994496116e+03
2.409231999994415673e+03
2.351563999994505139e+03
2.178069999994913815e+03
1.952505999995424645e+03
2.125049999995106191e+03
2.114001999995030928e+03
1.937937999995556311e+03
1.072236000004755624e+03
