1.650986400000686626e+04
1.135157399997353423e+04
1.776261999995895167e+03
6.323899999985078466e+02
3.119319999992585508e+02
1.529299999996510451e+02
9.458999999982188456e+01
7.241999999979452696e+01
6.200799999986338662e+01
5.477999999986786861e+01
4.910799999988739728e+01
4.575599999988116906e+01
4.352599999991798541e+01
4.343999999987863703e+01
4.242799999992348603e+01
4.280799999989176285e+01
4.159199999991324148e+01
3.963999999989027856e+01
3.901399999991190271e+01
3.705999999991036020e+01
3.561599999993995880e+01
3.429199999992124503e+01
3.326799999989452772e+01
3.230399999995643157e+01
3.014999999991050572e+01
2.980199999992692028e+01
2.714599999994970858e+01
2.558599999995931285e+01
2.477599999989251955e+01
2.329799999995884718e+01
2.152599999995072722e+01
2.052599999994708924e+01
2.599799999994138489e+01
1.826399999996283441e+01
1.754399999994348036e+01
1.725799999996888801e+01
1.649799999996321276e+01
1.628399999993416714e+01
1.603199999998469139e+01
1.616799999996510451e+01
1.626399999995555845e+01
1.639799999998649582e+01
1.582599999998637941e+01
3.881400000006760820e+01
1.543400000007022754e+01
1.499200000007840572e+01
1.468000000004758476e+01
1.419200000007913332e+01
1.398400000006586197e+01
1.315800000008675852e+01
1.286600000003818423e+01
1.277000000004773028e+01
1.190200000006734626e+01
1.206400000007852213e+01
1.142400000004272442e+01
1.151000000004569301e+01
1.113800000004994217e+01
1.134200000004420872e+01
1.118200000008800998e+01
1.128000000003885361e+01
1.091000000004351023e+01
1.083000000004903995e+01
1.102000000005864422e+01
1.135800000005474431e+01
1.093200000004071626e+01
1.068600000005608308e+01
1.109800000007453491e+01
1.096000000005369657e+01
1.066400000006615301e+01
1.064200000001437729e+01
1.064400000003661262e+01
1.012400000006164191e+01
9.934000000033847755e+00
1.029800000007162453e+01
9.202000000015686965e+00
9.148000000048341462e+00
8.844000000044616172e+00
7.862000000041007297e+00
8.514000000031956006e+00
7.148000000033789547e+00
7.610000000055151759e+00
6.874000000021624146e+00
6.680000000029394869e+00
6.952000000033876859e+00
5.412000000043917680e+00
6.096000000041385647e+00
5.502000000007683411e+00
5.554000000032829121e+00
5.106000000014319085e+00
4.942000000039115548e+00
4.391999999999825377e+00
4.944000000046798959e+00
4.108000000003812602e+00
4.588000000017927960e+00
3.600000000031286618e+00
4.366000000016356353e+00
3.710000000017316779e+00
3.872000000013940735e+00
3.396000000011554221e+00
