0.000000000000000000e+00
0.000000000000000000e+00
0.000000000000000000e+00
1.800000000000000211e-02
4.000000000000003553e-02
6.200000000000005507e-02
1.280000000000001137e-01
1.520000000000001072e-01
2.120000000000001328e-01
2.860000000000002540e-01
2.580000000000001181e-01
3.100000000000002753e-01
2.680000000000002380e-01
2.699999999999995737e-01
2.559999999999718057e-01
2.579999999999715854e-01
2.359999999999740083e-01
2.299999999999746692e-01
1.739999999999808367e-01
2.279999999999748894e-01
2.059999999999773124e-01
1.879999999999792948e-01
1.859999999999795151e-01
1.859999999999799591e-01
1.499999999999834799e-01
1.219999999999865636e-01
1.359999999999850218e-01
1.239999999999863434e-01
1.359999999999850218e-01
1.199999999999867839e-01
1.039999999999885461e-01
8.799999999999030820e-02
7.599999999999162981e-02
5.799999999999361222e-02
7.599999999999162981e-02
5.599999999999383249e-02
4.599999999999493383e-02
3.199999999999647571e-02
3.799999999999581490e-02
2.199999999999757705e-02
3.599999999999603517e-02
3.199999999999647571e-02
3.799999999999581490e-02
4.199999999999537437e-02
2.399999999999735678e-02
2.999999999999669598e-02
2.999999999999669598e-02
1.599999999999823785e-02
1.799999999999801759e-02
2.799999999999691624e-02
1.999999999999779732e-02
1.799999999999801759e-02
1.799999999999801759e-02
1.799999999999801759e-02
3.999999999999559464e-03
1.199999999999867839e-02
1.399999999999845812e-02
1.399999999999845812e-02
1.399999999999845812e-02
1.399999999999845812e-02
1.999999999999779732e-02
1.399999999999845812e-02
1.199999999999867839e-02
1.199999999999867839e-02
3.999999999999559464e-03
1.399999999999845812e-02
1.599999999999823785e-02
1.799999999999801759e-02
7.999999999999118927e-03
1.799999999999801759e-02
1.999999999999779732e-02
1.599999999999823785e-02
1.399999999999845812e-02
7.999999999999118927e-03
9.999999999998898659e-03
1.199999999999867839e-02
9.999999999998898659e-03
7.999999999999118927e-03
9.999999999998898659e-03
5.999999999999339195e-03
5.999999999999339195e-03
7.999999999999118927e-03
7.999999999999118927e-03
9.999999999998898659e-03
7.999999999999118927e-03
1.199999999999867839e-02
1.999999999999779732e-03
5.999999999999339195e-03
1.999999999999779732e-03
3.999999999999559464e-03
1.999999999999779732e-03
9.999999999998898659e-03
3.999999999999559464e-03
7.999999999999118927e-03
5.999999999999339195e-03
7.999999999999118927e-03
1.999999999999779732e-03
7.999999999999118927e-03
1.999999999999779732e-03
