9.181568000004099304e+03
6.401663999985154078e+03
1.045435999997571344e+03
3.712919999991354416e+02
1.828199999995704275e+02
8.967999999979656423e+01
5.540999999986524926e+01
4.256799999990835204e+01
3.605799999991359073e+01
3.157199999992371886e+01
2.824399999993693200e+01
2.677799999993294477e+01
2.569799999994211248e+01
2.531999999993422534e+01
2.484799999995448161e+01
2.441599999993923120e+01
2.356199999993987149e+01
2.247999999995226972e+01
2.178999999994266545e+01
2.122999999995590770e+01
2.000599999995029066e+01
1.938599999996586121e+01
1.874399999995875987e+01
1.842199999994409154e+01
1.725799999996161205e+01
1.668799999996190309e+01
1.528199999996286351e+01
1.441799999997601844e+01
1.405799999995724647e+01
1.318199999996795668e+01
1.214599999997881241e+01
1.190799999996306724e+01
1.468799999997645500e+01
1.036799999996583210e+01
9.995999999973719241e+00
9.789999999989959178e+00
9.463999999967199983e+00
9.439999999995052349e+00
9.171999999965919415e+00
9.225999999976920662e+00
9.289999999979045242e+00
9.085999999988416675e+00
8.871999999973922968e+00
2.217600000000675209e+01
8.848000000038155122e+00
8.912000000040279701e+00
8.344000000030064257e+00
8.338000000047031790e+00
7.928000000043539330e+00
7.388000000035390258e+00
7.622000000032130629e+00
7.224000000031082891e+00
6.858000000032916432e+00
6.758000000027095666e+00
6.442000000035477569e+00
6.646000000033382094e+00
6.456000000027415808e+00
6.314000000042142347e+00
6.238000000015745172e+00
6.444000000032247044e+00
6.262000000042462489e+00
6.136000000024068868e+00
6.396000000029744115e+00
6.352000000031694071e+00
6.350000000016734703e+00
5.944000000043160981e+00
6.208000000013271347e+00
6.264000000035593985e+00
6.102000000035332050e+00
5.972000000027037458e+00
6.116000000023632310e+00
5.916000000026542693e+00
5.636000000034982804e+00
5.710000000020954758e+00
5.218000000033498509e+00
5.540000000019063009e+00
4.912000000025727786e+00
4.276000000023486791e+00
4.784000000025116606e+00
4.282000000017433194e+00
4.472000000016123522e+00
3.912000000025727786e+00
3.820000000010622898e+00
4.014000000021042069e+00
3.064000000009400537e+00
3.496000000039202860e+00
3.062000000008993084e+00
3.274000000004889444e+00
2.814000000013038516e+00
2.926000000010390067e+00
2.448000000022148015e+00
2.818000000002939487e+00
2.180000000007566996e+00
2.552000000025145710e+00
2.122000000006664777e+00
2.404000000013184035e+00
2.008000000001629815e+00
2.228000000013707904e+00
1.926000000010390067e+00
