5.199619999997374180e+03
1.308827999996964536e+03
1.517219999996486877e+02
4.905800000001545413e+01
1.946800000009352516e+01
8.786000000041894964e+00
5.664000000026135240e+00
4.160000000018953870e+00
3.364000000013220415e+00
2.954000000014275429e+00
2.284000000015112164e+00
2.082000000006701157e+00
1.818000000011124939e+00
1.876000000010208169e+00
1.906000000007225026e+00
1.724000000006526534e+00
1.782000000009247742e+00
1.776000000008934876e+00
1.814000000006672053e+00
1.868000000008578354e+00
1.856000000013409590e+00
1.904000000005908078e+00
1.912000000012085366e+00
1.756000000007588824e+00
1.718000000006213668e+00
1.802000000008774805e+00
1.724000000010164513e+00
1.486000000005333277e+00
1.430000000004838512e+00
1.332000000009429641e+00
1.206000000001949957e+00
1.258000000007996277e+00
2.966000000014901161e+00
9.900000000070576789e-01
1.050000000002000888e+00
1.024000000005798938e+00
9.180000000051222742e-01
9.160000000028958311e-01
9.380000000055588316e-01
9.180000000033032848e-01
9.640000000044892658e-01
9.160000000065338099e-01
9.720000000043000909e-01
8.004000000035375706e+00
8.440000000027794158e-01
8.940000000065992936e-01
7.200000000011641532e-01
7.080000000059953891e-01
6.620000000048094080e-01
7.020000000020445441e-01
6.160000000008949428e-01
5.860000000047875801e-01
5.580000000018117134e-01
6.160000000045329216e-01
5.700000000033469405e-01
5.559999999977662810e-01
5.780000000049767550e-01
5.660000000025320332e-01
6.080000000029031071e-01
6.380000000044674380e-01
6.160000000027139322e-01
6.180000000013023964e-01
6.620000000029904186e-01
6.920000000054642442e-01
7.320000000017898856e-01
6.720000000041181920e-01
7.280000000018844730e-01
7.880000000041036401e-01
7.000000000043655746e-01
7.500000000045474735e-01
7.180000000016661943e-01
7.100000000036743586e-01
6.760000000058425940e-01
6.240000000016152626e-01
5.880000000042855390e-01
6.439999999984138412e-01
6.500000000041836756e-01
5.500000000029103830e-01
4.800000000041109161e-01
4.840000000040163286e-01
4.920000000010986696e-01
4.160000000010768417e-01
3.860000000013315002e-01
4.080000000003565219e-01
3.020000000060463208e-01
4.059999999981300789e-01
2.960000000030049705e-01
3.340000000016516424e-01
2.459999999982755980e-01
2.860000000036961865e-01
2.640000000019426807e-01
2.960000000030049705e-01
1.939999999985957402e-01
2.700000000022555469e-01
2.279999999991559889e-01
2.520000000013169483e-01
1.600000000016734703e-01
1.639999999997598934e-01
2.080000000014479156e-01
