1.432259999999917852e+02
2.556640000000282100e+02
2.675359999999799356e+02
2.396399999998677686e+02
1.813299999999139800e+02
2.263220000002625056e+02
2.396640000002917077e+02
2.394000000002922661e+02
2.365080000002894849e+02
2.347999999999406100e+02
2.304639999994819846e+02
2.297599999994786231e+02
2.332319999994547288e+02
2.359379999994512218e+02
2.253499999994751306e+02
1.892139999995583821e+02
2.192499999994902282e+02
2.470079999994236459e+02
2.314399999994616337e+02
1.263300000004246613e+02
