1.218619999999932446e+02
2.209860000000214200e+02
2.309559999999906381e+02
2.113219999998859748e+02
1.572919999999154470e+02
1.986940000002219904e+02
2.071220000002447250e+02
2.041560000002450579e+02
2.037520000002486995e+02
2.015540000000357850e+02
1.981059999995541148e+02
1.985259999995519138e+02
2.016739999995461403e+02
2.063199999995349572e+02
1.996959999995492581e+02
1.754539999995904509e+02
2.026699999995275903e+02
2.272059999994703503e+02
2.060379999995197977e+02
1.123320000003723180e+02
