2.291259999999867034e+02
4.175140000000493501e+02
4.391459999999499360e+02
3.906039999997835821e+02
2.837379999999050142e+02
3.575820000004314352e+02
3.657900000004474350e+02
3.595480000004395151e+02
3.573420000004362009e+02
3.494960000000792206e+02
3.402879999992201192e+02
3.419179999992047669e+02
3.485459999991871882e+02
3.591939999991636796e+02
3.602259999991601944e+02
3.364799999992137600e+02
3.945099999990807191e+02
4.398039999989787248e+02
3.870699999990956712e+02
2.072600000006650589e+02
