4.040603999997800202e+03
9.265559999978795531e+02
9.958399999982884765e+01
2.999800000013692625e+01
1.126800000005187030e+01
4.878000000023348548e+00
3.230000000016843842e+00
2.572000000011030352e+00
1.996000000010099029e+00
1.686000000006060873e+00
1.366000000005442416e+00
1.324000000007799827e+00
1.208000000006904884e+00
1.138000000004467438e+00
1.142000000003463356e+00
1.134000000005471520e+00
1.116000000005442416e+00
1.108000000006541086e+00
1.202000000003863533e+00
1.064000000006672053e+00
1.118000000004030881e+00
1.100000000005820766e+00
1.192000000004554749e+00
1.198000000006686605e+00
1.024000000003979949e+00
1.048000000007050403e+00
9.100000000044019544e-01
8.040000000028157956e-01
8.340000000043801265e-01
8.000000000020008883e-01
6.840000000047439244e-01
7.100000000045838533e-01
2.068000000007486960e+00
5.260000000025684130e-01
5.560000000014042598e-01
4.920000000029176590e-01
6.840000000047439244e-01
5.760000000009313226e-01
5.600000000040381565e-01
5.260000000007494236e-01
5.780000000031577656e-01
5.440000000025975169e-01
5.480000000034124241e-01
5.724000000028354407e+00
5.080000000016298145e-01
5.020000000022264430e-01
4.440000000022337190e-01
3.719999999993888196e-01
3.980000000028667273e-01
4.120000000029904186e-01
3.880000000008294592e-01
3.200000000006184564e-01
3.600000000024010660e-01
3.400000000028740033e-01
3.120000000017171260e-01
3.080000000009022187e-01
3.199999999997089617e-01
3.200000000006184564e-01
3.220000000028448994e-01
3.280000000013387762e-01
3.500000000021827873e-01
3.320000000021536835e-01
3.460000000013678800e-01
3.620000000009895302e-01
4.300000000048385118e-01
3.519999999989522621e-01
3.740000000034342520e-01
3.540000000011787051e-01
3.740000000016152626e-01
4.200000000000727596e-01
3.840000000036525307e-01
3.740000000016152626e-01
3.980000000010477379e-01
3.960000000015497790e-01
3.360000000020590960e-01
3.320000000021536835e-01
3.280000000013387762e-01
2.900000000017826096e-01
2.720000000008440111e-01
2.600000000002182787e-01
2.540000000017244020e-01
2.319999999990614015e-01
1.860000000033323886e-01
2.140000000017607817e-01
1.500000000005456968e-01
1.940000000022337190e-01
1.679999999978463165e-01
2.020000000020445441e-01
1.580000000003565219e-01
1.800000000002910383e-01
1.239999999997962732e-01
1.400000000039653969e-01
8.999999999832652975e-02
1.220000000012078090e-01
8.200000000033469405e-02
1.280000000006111804e-01
1.040000000002692104e-01
1.340000000009240466e-01
1.099999999996725819e-01
