4.228905999997732579e+03
9.845159999977358893e+02
1.076199999997743362e+02
3.288400000015099067e+01
1.241200000005937909e+01
5.754000000024461769e+00
3.632000000019615982e+00
2.760000000012041710e+00
2.142000000010739313e+00
1.748000000008687493e+00
1.536000000005515176e+00
1.434000000006562914e+00
1.316000000007989001e+00
1.212000000006810296e+00
1.258000000002539309e+00
1.284000000006926712e+00
1.288000000006832124e+00
1.222000000005209586e+00
1.286000000004605681e+00
1.168000000006031769e+00
1.214000000007217750e+00
1.242000000003827154e+00
1.206000000006497430e+00
1.148000000006504706e+00
1.128000000005158654e+00
1.184000000005653419e+00
1.054000000005544280e+00
9.680000000034851837e-01
8.520000000025902409e-01
7.780000000038853614e-01
8.020000000042273314e-01
7.740000000030704541e-01
2.128000000009706127e+00
7.020000000047730282e-01
6.500000000023646862e-01
6.180000000040308805e-01
5.720000000010259100e-01
5.900000000028740033e-01
5.520000000042273314e-01
6.440000000020518200e-01
6.360000000058789738e-01
5.920000000005529728e-01
5.420000000021900632e-01
6.104000000028463546e+00
5.440000000016880222e-01
5.360000000036961865e-01
4.880000000021027518e-01
4.560000000019499566e-01
4.620000000004438334e-01
4.300000000048385118e-01
3.360000000011496013e-01
3.880000000017389539e-01
4.380000000010113581e-01
3.660000000018044375e-01
3.720000000012078090e-01
3.760000000020227162e-01
3.360000000002401066e-01
3.200000000033469405e-01
3.400000000028740033e-01
3.780000000006111804e-01
3.660000000008949428e-01
3.860000000013315002e-01
4.380000000037398422e-01
3.840000000009240466e-01
4.160000000010768417e-01
4.300000000048385118e-01
4.480000000003201421e-01
4.560000000001309672e-01
4.220000000022992026e-01
4.540000000051804818e-01
4.560000000010404619e-01
3.900000000021464075e-01
4.200000000009822543e-01
3.660000000027139322e-01
3.520000000007712515e-01
3.940000000011423253e-01
3.600000000024010660e-01
3.140000000021245796e-01
3.260000000000218279e-01
3.280000000022482709e-01
2.420000000001891749e-01
2.700000000031650416e-01
2.380000000011932570e-01
1.999999999979991117e-01
1.840000000029249350e-01
1.760000000003856258e-01
1.580000000003565219e-01
2.180000000034851837e-01
1.719999999995707185e-01
1.859999999996944098e-01
1.560000000017680577e-01
1.380000000044674380e-01
1.259999999974752427e-01
1.319999999996070983e-01
1.060000000015861588e-01
1.219999999975698302e-01
1.160000000045329216e-01
1.139999999986684998e-01
1.119999999991705408e-01
