1.040079999999940981e+02
1.839040000000195221e+02
1.921239999999872339e+02
1.742679999999069196e+02
1.314859999999371212e+02
1.633360000001861181e+02
1.749580000002071074e+02
1.759520000002089546e+02
1.735140000002052147e+02
1.725879999999463053e+02
1.681159999996204988e+02
1.691779999996185779e+02
1.710279999996143943e+02
1.722679999996103106e+02
1.645479999996296101e+02
1.360639999996924416e+02
1.557639999996499682e+02
1.749619999996039041e+02
1.653259999996171246e+02
9.148400000031142554e+01
