1.660299999999903093e+02
2.943840000000355985e+02
3.038159999999666070e+02
2.734959999998495732e+02
2.024059999999165029e+02
2.569180000003116220e+02
2.700860000003278856e+02
2.651760000003225741e+02
2.656240000003235764e+02
2.627019999999247375e+02
2.559879999994068385e+02
2.573779999994044374e+02
2.628199999993894380e+02
2.643199999993871643e+02
2.552799999994103928e+02
2.162479999994966420e+02
2.528719999994145837e+02
2.840339999993429956e+02
2.642259999993902966e+02
1.430920000004989561e+02
