5.521883999997294268e+03
1.431203999996665516e+03
1.695399999996034239e+02
5.550199999992400990e+01
2.275200000010954682e+01
1.010200000004624599e+01
6.400000000034197001e+00
4.754000000020823791e+00
3.916000000016538252e+00
3.092000000015104888e+00
2.582000000012158125e+00
2.456000000011954398e+00
2.154000000011365046e+00
2.170000000009167707e+00
2.016000000012354576e+00
2.130000000009204086e+00
1.962000000008629286e+00
2.158000000011270458e+00
2.114000000011401426e+00
2.114000000005944457e+00
2.238000000013926183e+00
2.214000000008127245e+00
2.232000000012703822e+00
2.176000000010390067e+00
2.044000000008963980e+00
1.918000000009669748e+00
2.016000000009626092e+00
1.744000000008782081e+00
1.708000000005995389e+00
1.598000000010870281e+00
1.468000000007123163e+00
1.356000000002495653e+00
3.262000000015177648e+00
1.268000000010033546e+00
1.204000000005180482e+00
1.162000000005718903e+00
1.140000000006693881e+00
1.212000000005900802e+00
9.840000000021973392e-01
1.064000000004853064e+00
1.062000000005355105e+00
1.102000000006228220e+00
1.068000000002939487e+00
8.574000000039632141e+00
1.004000000005362381e+00
9.100000000098589226e-01
8.579999999992651283e-01
7.800000000052023097e-01
7.840000000041982275e-01
7.620000000042637112e-01
6.180000000003929017e-01
7.540000000026338967e-01
7.120000000049913069e-01
7.720000000063009793e-01
7.160000000003492460e-01
7.040000000060899765e-01
6.020000000016807462e-01
5.920000000023719622e-01
6.700000000037107384e-01
6.320000000032450771e-01
7.060000000019499566e-01
7.680000000036670826e-01
7.420000000047366484e-01
7.620000000033542165e-01
8.060000000032232492e-01
7.820000000047002686e-01
7.800000000033833203e-01
8.820000000023355824e-01
7.820000000047002686e-01
8.180000000065774657e-01
8.680000000031213858e-01
8.800000000010186341e-01
7.440000000078725861e-01
7.580000000043582986e-01
7.420000000010986696e-01
6.880000000037398422e-01
7.200000000020736479e-01
5.940000000036889105e-01
6.020000000025902409e-01
5.160000000005311449e-01
5.540000000037252903e-01
5.160000000059881131e-01
5.220000000017535058e-01
3.900000000021464075e-01
3.999999999969077180e-01
4.640000000053987605e-01
3.480000000008658390e-01
3.600000000005820766e-01
3.140000000021245796e-01
3.440000000018699211e-01
2.640000000001236913e-01
3.480000000054133125e-01
2.119999999977153493e-01
2.880000000022846507e-01
2.340000000012878445e-01
2.939999999998690328e-01
2.400000000034197001e-01
2.720000000026630005e-01
1.879999999982828740e-01
