1.845579999999892209e+02
3.299220000000397022e+02
3.418739999999605743e+02
3.056679999998340236e+02
2.277179999999204938e+02
2.831500000003388777e+02
2.959100000003552395e+02
2.928700000003505011e+02
2.907180000003540954e+02
2.893779999999487700e+02
2.805199999993592428e+02
2.825039999993550737e+02
2.868339999993472702e+02
2.897659999993384190e+02
2.822299999993556412e+02
2.475399999994351674e+02
2.904759999993284509e+02
3.228879999992441299e+02
2.967959999993117890e+02
1.616020000005355541e+02
