2.394259999999865158e+02
4.399380000000479640e+02
4.660799999999563852e+02
4.169619999997732975e+02
3.025139999998827989e+02
3.802820000004523990e+02
3.852840000004644025e+02
3.764040000004542890e+02
3.701020000004455142e+02
3.659800000002242086e+02
3.540839999991885634e+02
3.579299999991753793e+02
3.635359999991651421e+02
3.784899999991321238e+02
3.883719999991071745e+02
3.781939999991309378e+02
4.438319999989789721e+02
4.889959999988759591e+02
4.191779999990303622e+02
2.234080000007134004e+02
