2.297899999999868044e+02
4.215300000000497676e+02
4.430819999999469019e+02
3.897779999997844698e+02
2.860359999999054708e+02
3.580580000004329122e+02
3.691380000004492103e+02
3.596920000004392932e+02
3.572580000004331851e+02
3.513660000000995751e+02
3.421879999992074772e+02
3.440639999992008597e+02
3.525919999991792793e+02
3.600279999991653312e+02
3.661559999991513905e+02
3.425059999992035955e+02
4.005899999990724609e+02
4.448959999989692733e+02
3.873419999991056102e+02
2.088260000006866903e+02
