1.827999999999892395e+02
3.251920000000401387e+02
3.381179999999597499e+02
3.040179999998316589e+02
2.230419999999235188e+02
2.785000000003383320e+02
2.926260000003567256e+02
2.881940000003517071e+02
2.870400000003505738e+02
2.844219999999577340e+02
2.746399999993609526e+02
2.766779999993577803e+02
2.807839999993457241e+02
2.879939999993316633e+02
2.832339999993428137e+02
2.474959999994225655e+02
2.886919999993297097e+02
3.235199999992482844e+02
2.928779999993203091e+02
1.585860000005441179e+02
