5.650897999997304396e+03
1.481063999996596976e+03
1.714559999995990438e+02
5.738799999989532807e+01
2.376200000007065682e+01
1.066400000004887261e+01
7.050000000032014214e+00
5.052000000026964699e+00
4.300000000018371793e+00
3.292000000016741978e+00
2.688000000011925295e+00
2.404000000011365046e+00
2.296000000010280928e+00
2.134000000010928488e+00
2.094000000008236384e+00
2.246000000011918019e+00
2.146000000011554221e+00
2.252000000009502401e+00
2.296000000012099918e+00
2.306000000010499207e+00
2.118000000008578354e+00
2.198000000009415089e+00
2.178000000012616511e+00
2.398000000008323696e+00
2.224000000011983502e+00
2.290000000010877557e+00
2.056000000012318196e+00
1.870000000006257324e+00
1.788000000011379598e+00
1.714000000003579771e+00
1.538000000010470103e+00
1.498000000005959009e+00
3.434000000019295840e+00
1.274000000003979949e+00
1.300000000005638867e+00
1.252000000005864422e+00
1.220000000006621121e+00
1.120000000004438334e+00
1.216000000004896719e+00
1.172000000005027687e+00
1.100000000005820766e+00
1.234000000005835318e+00
1.142000000008010829e+00
8.958000000038737198e+00
1.080000000007203198e+00
1.110000000004220055e+00
9.920000000020081643e-01
8.820000000087020453e-01
8.860000000022409949e-01
8.480000000026848284e-01
7.700000000031650416e-01
7.540000000035433914e-01
7.380000000075597200e-01
7.880000000013751560e-01
6.880000000055588316e-01
7.620000000006257324e-01
8.060000000032232492e-01
7.060000000028594513e-01
7.980000000052314135e-01
7.940000000053260010e-01
7.640000000028521754e-01
7.960000000057334546e-01
8.119999999998981366e-01
9.120000000066283974e-01
8.420000000032814569e-01
8.840000000036525307e-01
9.740000000037980499e-01
9.280000000053405529e-01
8.480000000045038178e-01
1.014000000004671165e+00
9.700000000038926373e-01
1.036000000007334165e+00
8.740000000007057679e-01
9.400000000077852746e-01
7.700000000022555469e-01
8.720000000057552825e-01
8.560000000015861588e-01
6.980000000039581209e-01
7.340000000049258233e-01
6.279999999987921910e-01
6.940000000022337190e-01
5.580000000063591870e-01
5.440000000016880222e-01
5.680000000011204975e-01
4.140000000043073669e-01
4.680000000034851837e-01
4.279999999998835847e-01
4.600000000018553692e-01
3.680000000067593646e-01
4.059999999944921001e-01
3.240000000041618478e-01
4.160000000019863364e-01
2.620000000015352271e-01
3.520000000025902409e-01
2.580000000025393092e-01
3.419999999978244887e-01
2.660000000014406396e-01
3.200000000033469405e-01
2.680000000009385985e-01
