1.445499999999916270e+02
2.570820000000292112e+02
2.649159999999795900e+02
2.400219999998668072e+02
1.811039999999130714e+02
2.287620000002657434e+02
2.401020000002929464e+02
2.397100000002938032e+02
2.383460000002910419e+02
2.367799999999294869e+02
2.295799999994860627e+02
2.318779999994599166e+02
2.349219999994506907e+02
2.362739999994505524e+02
2.255399999994742757e+02
1.873979999995622165e+02
2.180399999994933751e+02
2.476739999994219943e+02
2.308159999994632017e+02
1.265920000004243775e+02
