2.063814179998905747e+05
4.916047799988606130e+04
5.349893999989872100e+03
1.683542000003741123e+03
6.608560000027064234e+02
2.992400000013294630e+02
1.934920000008423813e+02
1.441380000006756745e+02
1.153680000005406328e+02
9.563000000041211024e+01
7.876000000035855919e+01
7.198600000038277358e+01
6.760400000034132972e+01
6.511800000030780211e+01
6.387200000026496127e+01
6.502600000030361116e+01
6.481400000030407682e+01
6.504200000030687079e+01
6.618800000031478703e+01
6.404000000027008355e+01
6.539800000027753413e+01
6.589800000033574179e+01
6.600400000030640513e+01
6.528800000029150397e+01
6.280600000033155084e+01
6.168400000029942021e+01
5.705200000025797635e+01
5.305400000023655593e+01
4.918000000022584572e+01
4.591600000020116568e+01
4.245400000020163134e+01
4.105400000017834827e+01
1.084060000005410984e+02
3.618600000016158447e+01
3.511200000013923272e+01
3.355200000019976869e+01
3.300800000014714897e+01
3.299000000016530976e+01
3.267800000013085082e+01
3.215800000017043203e+01
3.207200000016018748e+01
3.256000000017229468e+01
3.150600000016856939e+01
3.057800000014249235e+02
2.993400000012479722e+01
2.845000000012805685e+01
2.642800000007264316e+01
2.471200000011594966e+01
2.336800000013317913e+01
2.226000000012572855e+01
2.146200000011594966e+01
2.061800000013317913e+01
2.047600000008242205e+01
2.059600000013597310e+01
1.930600000009872019e+01
2.010400000005029142e+01
1.974200000014388934e+01
1.869200000009732321e+01
1.983000000007450581e+01
2.048000000009778887e+01
2.077000000013504177e+01
2.108200000011129305e+01
2.199200000008568168e+01
2.366000000009080395e+01
2.364600000012433156e+01
2.305600000009872019e+01
2.395800000010058284e+01
2.474600000010104850e+01
2.354400000011082739e+01
2.500400000013178214e+01
2.490000000013969839e+01
2.406600000010803342e+01
2.292400000011548400e+01
2.345000000012805685e+01
2.041000000009080395e+01
2.143200000008800998e+01
2.045800000010058284e+01
1.762000000011175871e+01
1.861200000008102506e+01
1.570600000006379560e+01
1.632800000009592623e+01
1.461200000008102506e+01
1.334800000005634502e+01
1.403200000006472692e+01
1.058800000004703179e+01
1.205800000007729977e+01
1.025200000003678724e+01
1.097000000003026798e+01
8.816000000049825758e+00
9.738000000012107193e+00
7.988000000012107193e+00
9.478000000061001629e+00
7.122000000032130629e+00
8.652000000060070306e+00
6.402000000060070306e+00
8.058000000019092113e+00
6.316000000049825758e+00
7.021999999997206032e+00
6.098000000056345016e+00
