3.790967999997875268e+03
8.536559999980127031e+02
8.397199999986423791e+01
2.587400000011894008e+01
1.000600000004669710e+01
4.630000000021937012e+00
3.012000000013358658e+00
2.132000000012340024e+00
1.724000000007436029e+00
1.490000000004329195e+00
1.314000000007581548e+00
1.126000000005660695e+00
1.094000000004598405e+00
1.070000000006075425e+00
1.018000000003667083e+00
1.064000000004853064e+00
1.078000000005886250e+00
1.110000000003310561e+00
1.068000000004758476e+00
1.070000000006075425e+00
1.014000000005580659e+00
1.030000000004292815e+00
1.052000000004227331e+00
1.082000000004882168e+00
9.920000000047366484e-01
9.840000000049258233e-01
9.300000000030195224e-01
7.840000000041982275e-01
8.420000000041909516e-01
6.780000000026120688e-01
7.240000000047075446e-01
7.160000000021682354e-01
1.836000000009335054e+00
6.580000000021755113e-01
6.080000000019936124e-01
5.140000000046711648e-01
5.220000000008440111e-01
5.480000000034124241e-01
4.820000000008803909e-01
4.880000000011932570e-01
5.620000000053551048e-01
5.160000000014406396e-01
4.840000000003783498e-01
5.516000000026906491e+00
4.740000000010695658e-01
4.560000000046784407e-01
4.379999999991923687e-01
4.080000000030850060e-01
3.740000000016152626e-01
3.540000000020881998e-01
2.900000000017826096e-01
3.580000000019936124e-01
3.000000000001818989e-01
3.280000000022482709e-01
2.740000000012514647e-01
3.200000000015279511e-01
3.340000000016516424e-01
3.200000000024374458e-01
2.960000000002764864e-01
3.140000000012150849e-01
3.120000000008076313e-01
3.640000000032159733e-01
3.860000000004220055e-01
3.260000000018408173e-01
3.640000000023064786e-01
3.980000000001382432e-01
3.760000000038417056e-01
3.719999999993888196e-01
3.660000000036234269e-01
4.180000000005748007e-01
4.160000000047148205e-01
4.120000000002619345e-01
3.960000000006402843e-01
3.800000000046566129e-01
3.019999999978608685e-01
3.460000000031868694e-01
2.920000000003710738e-01
3.020000000024083420e-01
3.260000000027503120e-01
2.919999999985520844e-01
2.560000000021318556e-01
2.680000000018480932e-01
2.060000000019499566e-01
2.280000000000654836e-01
1.640000000006693881e-01
1.719999999995707185e-01
1.720000000032086973e-01
1.840000000011059456e-01
1.779999999998835847e-01
1.659999999992578523e-01
1.280000000015206751e-01
1.500000000023646862e-01
1.059999999997671694e-01
1.360000000004220055e-01
7.800000000042928150e-02
9.999999999945430318e-02
8.400000000074214768e-02
9.800000000086583896e-02
7.999999999992724042e-02
