1.491979999999913105e+02
2.631180000000298378e+02
2.732899999999792158e+02
2.467359999998636795e+02
1.863079999999098391e+02
2.345700000002727847e+02
2.463080000002994439e+02
2.449400000002995057e+02
2.439900000002980960e+02
2.431139999999350039e+02
2.345639999994727987e+02
2.371899999994639074e+02
2.397839999994421305e+02
2.411219999994364116e+02
2.339699999994563768e+02
1.937639999995481048e+02
2.254759999994735153e+02
2.545999999994069185e+02
2.394479999994427999e+02
1.294500000004391040e+02
