1.600159999999906972e+02
2.823140000000333885e+02
2.946479999999710913e+02
2.650579999998532230e+02
1.973739999999127122e+02
2.495720000003034329e+02
2.614380000003186524e+02
2.594680000003161240e+02
2.602740000003168461e+02
2.559479999999184656e+02
2.505839999994173013e+02
2.507199999994177233e+02
2.537559999994109603e+02
2.581859999993985184e+02
2.470099999994276914e+02
2.082159999995164981e+02
2.411119999994411955e+02
2.732019999993663077e+02
2.557759999994050304e+02
1.396440000004813555e+02
