1.595619999999907463e+02
2.826320000000330879e+02
2.935739999999722158e+02
2.650059999998536568e+02
1.987659999999115144e+02
2.498200000003030254e+02
2.619080000003184523e+02
2.600860000003169716e+02
2.571240000003126625e+02
2.551079999999310530e+02
2.481179999994237733e+02
2.506299999994175778e+02
2.537979999994131504e+02
2.586839999993985657e+02
2.475639999994259597e+02
2.104359999995108410e+02
2.436939999994347090e+02
2.750959999993619931e+02
2.562599999994035898e+02
1.392040000004826652e+02
