1.753659999999898105e+02
3.131440000000368968e+02
3.252479999999673055e+02
2.908179999998400262e+02
2.154639999999103566e+02
2.733520000003240966e+02
2.843980000003421083e+02
2.809820000003428504e+02
2.795340000003411660e+02
2.784999999999567990e+02
2.713819999993856982e+02
2.708299999993860183e+02
2.756419999993750025e+02
2.793239999993502352e+02
2.715279999993681486e+02
2.332879999994570426e+02
2.730259999993631936e+02
3.081239999992812955e+02
2.842459999993379824e+02
1.546000000005087713e+02
