3.499537999998011401e+03
7.726759999981995861e+02
8.018399999992561789e+01
2.310800000010567601e+01
8.794000000040796294e+00
3.968000000017127604e+00
2.572000000013758836e+00
1.856000000008862116e+00
1.612000000005537004e+00
1.402000000006410119e+00
1.084000000004380126e+00
1.030000000006111804e+00
8.900000000039653969e-01
9.580000000041763997e-01
9.380000000028303475e-01
9.640000000053987605e-01
9.660000000058062142e-01
9.420000000027357601e-01
8.580000000056315912e-01
8.940000000038708095e-01
8.960000000033687684e-01
8.900000000048748916e-01
8.540000000048166839e-01
7.980000000025029294e-01
8.180000000038489816e-01
8.040000000019063009e-01
7.180000000053041731e-01
6.420000000025538611e-01
6.240000000025247573e-01
5.700000000033469405e-01
5.580000000009022187e-01
5.220000000053914846e-01
1.632000000005973561e+00
5.100000000029467628e-01
4.540000000006330083e-01
4.360000000024228939e-01
4.120000000011714292e-01
4.200000000037107384e-01
4.260000000003856258e-01
3.760000000038417056e-01
4.220000000004802132e-01
4.120000000020809239e-01
3.840000000018335413e-01
4.828000000022257154e+00
4.100000000016734703e-01
3.660000000018044375e-01
3.680000000003929017e-01
3.560000000034051482e-01
3.039999999991778168e-01
2.960000000030049705e-01
2.540000000008149073e-01
2.260000000014770194e-01
2.260000000005675247e-01
2.680000000018480932e-01
2.260000000014770194e-01
2.460000000000945874e-01
2.520000000031359377e-01
2.599999999993087840e-01
2.760000000016589183e-01
2.500000000000000000e-01
2.680000000036670826e-01
2.380000000002837623e-01
2.520000000004074536e-01
2.980000000006839400e-01
2.840000000023792381e-01
3.040000000009968062e-01
2.540000000017244020e-01
2.860000000018771971e-01
2.699999999995270628e-01
3.380000000024665496e-01
2.620000000015352271e-01
2.880000000013751560e-01
2.980000000015934347e-01
2.579999999998108251e-01
2.820000000019717845e-01
2.519999999994979589e-01
2.300000000013824319e-01
2.380000000021027518e-01
2.300000000013824319e-01
1.639999999997598934e-01
2.000000000007275958e-01
1.700000000018917490e-01
1.660000000001673470e-01
1.820000000006984919e-01
1.280000000006111804e-01
1.420000000016443664e-01
1.360000000004220055e-01
8.799999999973806553e-02
9.200000000237196218e-02
1.279999999987921910e-01
9.400000000096042641e-02
1.120000000000800355e-01
8.800000000064756023e-02
7.399999999961437425e-02
7.200000000011641532e-02
1.160000000018044375e-01
9.400000000005093170e-02
1.059999999997671694e-01
6.800000000112049747e-02
