2.380959999999862475e+02
4.364260000000525679e+02
4.590619999999428273e+02
4.070719999997736522e+02
2.955619999999144056e+02
3.675860000004490757e+02
3.775480000004604335e+02
3.679440000004492504e+02
3.638660000004451831e+02
3.591760000001286244e+02
3.489459999991877339e+02
3.508359999991826044e+02
3.586919999991650911e+02
3.704519999991371151e+02
3.743679999991272780e+02
3.560379999991710065e+02
4.219919999990170254e+02
4.665799999989139906e+02
4.049979999990528086e+02
2.175620000007074850e+02
