4.427437999997664519e+03
1.044231999997564344e+03
1.147779999997355844e+02
3.511000000014610123e+01
1.344400000006407936e+01
6.016000000025996997e+00
3.920000000018262654e+00
2.954000000012456439e+00
2.490000000013424142e+00
2.046000000008461939e+00
1.630000000008294592e+00
1.476000000007843482e+00
1.394000000004780304e+00
1.326000000009116775e+00
1.426000000004933099e+00
1.388000000007195922e+00
1.298000000005231414e+00
1.360000000006039045e+00
1.348000000006322807e+00
1.374000000007072231e+00
1.410000000006220944e+00
1.368000000005849870e+00
1.334000000006199116e+00
1.336000000006606570e+00
1.286000000004605681e+00
1.248000000007777999e+00
1.172000000005937181e+00
1.066000000004351023e+00
1.006000000003041350e+00
9.260000000040236046e-01
9.680000000053041731e-01
7.660000000032596290e-01
2.344000000012783858e+00
7.500000000018189894e-01
7.120000000059008016e-01
6.640000000015788828e-01
6.580000000012660166e-01
5.980000000063228072e-01
6.680000000014842954e-01
6.640000000024883775e-01
6.380000000008294592e-01
6.120000000064464984e-01
6.460000000033687684e-01
6.620000000031723175e+00
6.040000000011787051e-01
6.300000000037471182e-01
6.160000000008949428e-01
5.300000000024738256e-01
4.140000000024883775e-01
4.360000000015133992e-01
4.760000000023865141e-01
3.960000000015497790e-01
4.180000000023937901e-01
4.220000000022992026e-01
4.020000000036816346e-01
4.239999999999781721e-01
4.300000000030195224e-01
3.880000000017389539e-01
3.940000000020518200e-01
3.980000000010477379e-01
5.060000000021318556e-01
4.240000000008876668e-01
4.740000000037980499e-01
4.540000000024519977e-01
4.780000000027939677e-01
4.980000000005020411e-01
5.000000000009094947e-01
5.020000000040454324e-01
4.620000000022628228e-01
5.500000000010913936e-01
5.140000000046711648e-01
5.200000000013460522e-01
4.980000000023210305e-01
4.420000000027357601e-01
3.860000000022409949e-01
4.360000000024228939e-01
4.120000000020809239e-01
3.639999999995779945e-01
3.620000000018990249e-01
3.640000000013969839e-01
3.200000000033469405e-01
3.239999999987048795e-01
2.700000000040745363e-01
2.939999999998690328e-01
1.980000000012296368e-01
2.260000000005675247e-01
2.000000000034560799e-01
2.399999999997817213e-01
1.880000000019208528e-01
2.099999999991268851e-01
1.720000000013897079e-01
1.799999999993815436e-01
1.420000000016443664e-01
1.580000000012660166e-01
1.299999999991996447e-01
1.620000000020809239e-01
1.020000000025902409e-01
1.480000000001382432e-01
1.119999999982610461e-01
