1.813839999999893280e+02
3.226420000000391610e+02
3.369939999999621705e+02
3.011059999998335570e+02
2.226219999999152606e+02
2.810620000003407313e+02
2.931640000003578734e+02
2.893700000003536843e+02
2.872220000003508176e+02
2.838079999999531537e+02
2.762299999993565507e+02
2.774699999993540587e+02
2.823799999993416350e+02
2.892019999993267447e+02
2.788219999993498277e+02
2.448139999994300524e+02
2.852899999993342135e+02
3.207479999992547164e+02
2.938219999993134479e+02
1.584980000005452894e+02
