1.628239999999908889e+02
2.961520000000306254e+02
3.104259999999800357e+02
2.814399999998471458e+02
2.058439999998929579e+02
2.606880000003036457e+02
2.707100000003258629e+02
2.626720000003163022e+02
2.625060000003154528e+02
2.597440000001338376e+02
2.566339999994061145e+02
2.591659999994008103e+02
2.625599999993983147e+02
2.659379999993893762e+02
2.658419999993907368e+02
2.419999999994447535e+02
2.845959999993492602e+02
3.187579999992685771e+02
2.836099999993512029e+02
1.543360000004950052e+02
