1.492299999999915769e+02
2.689360000000282298e+02
2.829979999999831648e+02
2.578639999998573558e+02
1.873619999999003767e+02
2.394400000002779052e+02
2.486780000003043369e+02
2.433560000002973993e+02
2.447280000002988345e+02
2.406820000000793698e+02
2.355699999994549216e+02
2.354879999994509490e+02
2.415379999994379432e+02
2.470459999994236568e+02
2.429099999994327845e+02
2.168359999994945611e+02
2.519899999994131576e+02
2.833219999993411875e+02
2.554799999994047539e+02
1.396920000004365647e+02
