4.149201999997768326e+03
9.655419999977484622e+02
1.050799999998025669e+02
3.154400000014265970e+01
1.195800000005510810e+01
5.306000000022322638e+00
3.524000000018531864e+00
2.504000000010819349e+00
2.000000000010004442e+00
1.774000000008527422e+00
1.412000000006628397e+00
1.304000000006453774e+00
1.272000000004481990e+00
1.222000000007028575e+00
1.176000000007661583e+00
1.204000000002451998e+00
1.196000000005369657e+00
1.134000000007290510e+00
1.204000000003361492e+00
1.174000000006344635e+00
1.146000000005187758e+00
1.082000000005791662e+00
1.182000000004336471e+00
1.198000000006686605e+00
1.096000000003186869e+00
1.168000000006941264e+00
1.024000000005798938e+00
1.058000000003630703e+00
8.740000000061627361e-01
8.320000000021536835e-01
7.060000000028594513e-01
7.140000000035797711e-01
2.210000000011859811e+00
6.560000000008585630e-01
6.440000000038708095e-01
5.860000000020590960e-01
5.400000000036015990e-01
6.260000000020227162e-01
5.380000000013751560e-01
5.320000000047002686e-01
5.480000000034124241e-01
5.720000000001164153e-01
5.800000000044747139e-01
5.938000000025567715e+00
5.060000000030413503e-01
4.640000000017607817e-01
4.600000000036743586e-01
4.319999999997889972e-01
4.140000000033978722e-01
3.860000000031504896e-01
3.899999999994179234e-01
2.799999999988358468e-01
3.760000000056606950e-01
3.520000000007712515e-01
3.700000000035288394e-01
3.299999999990177457e-01
3.220000000028448994e-01
3.380000000006475602e-01
3.140000000030340743e-01
3.760000000011132215e-01
3.180000000002110028e-01
3.460000000031868694e-01
3.479999999999563443e-01
4.420000000018262654e-01
4.040000000013606041e-01
4.120000000038999133e-01
4.320000000016079866e-01
4.460000000017316779e-01
4.140000000015788828e-01
4.060000000026775524e-01
4.280000000007930794e-01
3.700000000017098500e-01
3.900000000039653969e-01
4.220000000004802132e-01
3.620000000009895302e-01
3.500000000030922820e-01
4.080000000012660166e-01
2.820000000028812792e-01
3.399999999983265297e-01
2.820000000037907739e-01
2.319999999999708962e-01
3.060000000023137545e-01
2.040000000024519977e-01
2.319999999990614015e-01
1.480000000010477379e-01
2.139999999999417923e-01
1.840000000020154403e-01
2.079999999996289262e-01
1.480000000010477379e-01
1.540000000004511094e-01
1.280000000015206751e-01
1.440000000002328306e-01
1.080000000019936124e-01
1.700000000000727596e-01
1.019999999989522621e-01
1.260000000020227162e-01
1.059999999997671694e-01
1.040000000002692104e-01
7.000000000061845640e-02
