2.061719999999881736e+02
3.750520000000426535e+02
3.957599999999607689e+02
3.521859999998051762e+02
2.590899999998994190e+02
3.242740000003889236e+02
3.355440000004091416e+02
3.322520000004069516e+02
3.270680000003999339e+02
3.226780000000426298e+02
3.143839999992846970e+02
3.164979999992624471e+02
3.243279999992441844e+02
3.314199999992279118e+02
3.268259999992378653e+02
2.963619999993088641e+02
3.488159999991885343e+02
3.897259999990910728e+02
3.452939999991922377e+02
1.863780000006090631e+02
