1.427819999999917968e+02
2.511100000000276395e+02
2.631559999999798833e+02
2.371979999998712856e+02
1.786759999999147794e+02
2.255120000002646066e+02
2.395380000002869565e+02
2.373540000002844863e+02
2.365000000002826255e+02
2.347859999999113825e+02
2.290619999994751197e+02
2.279939999994812752e+02
2.331019999994673526e+02
2.352019999994636237e+02
2.232699999994911195e+02
1.846539999995775361e+02
2.144059999995101862e+02
2.395439999994537175e+02
2.270599999994810787e+02
1.246560000004374160e+02
