4.318025999997725194e+03
1.022729999997628511e+03
1.119879999997510822e+02
3.440200000015192927e+01
1.272000000005937181e+01
5.884000000028208888e+00
3.850000000017644197e+00
2.926000000010390067e+00
2.254000000013547833e+00
1.870000000008985808e+00
1.564000000005762558e+00
1.456000000008316420e+00
1.340000000006511982e+00
1.328000000006795744e+00
1.158000000003085006e+00
1.312000000005355105e+00
1.328000000008614734e+00
1.288000000005922629e+00
1.364000000005944457e+00
1.194000000004962203e+00
1.350000000008549250e+00
1.352000000004409230e+00
1.310000000006766641e+00
1.272000000004481990e+00
1.196000000007188646e+00
1.234000000007654307e+00
1.046000000002095476e+00
9.840000000049258233e-01
9.040000000040890882e-01
8.820000000032450771e-01
8.300000000044747139e-01
7.460000000028230716e-01
2.190000000011423253e+00
6.880000000028303475e-01
6.560000000035870471e-01
6.120000000018990249e-01
6.520000000064101187e-01
6.520000000018626451e-01
6.800000000039290171e-01
6.400000000012369128e-01
5.800000000017462298e-01
6.640000000043073669e-01
6.020000000034997356e-01
6.282000000030166120e+00
5.960000000022773747e-01
4.800000000032014214e-01
5.140000000019426807e-01
4.560000000010404619e-01
5.180000000009385985e-01
3.520000000016807462e-01
3.440000000036889105e-01
4.099999999998544808e-01
4.000000000032741809e-01
3.600000000014915713e-01
4.000000000023646862e-01
4.100000000016734703e-01
3.780000000033396645e-01
3.560000000015861588e-01
3.900000000021464075e-01
3.739999999979772838e-01
3.820000000050640665e-01
3.540000000002692104e-01
4.280000000007930794e-01
4.840000000031068339e-01
4.240000000036161509e-01
4.180000000005748007e-01
4.260000000012951205e-01
5.000000000054569682e-01
4.060000000008585630e-01
5.120000000015352271e-01
4.700000000038926373e-01
4.919999999992796802e-01
4.600000000027648639e-01
4.460000000017316779e-01
4.140000000024883775e-01
4.200000000018917490e-01
4.120000000020809239e-01
3.140000000021245796e-01
3.500000000012732926e-01
2.780000000029758667e-01
3.260000000018408173e-01
2.919999999985520844e-01
2.320000000017898856e-01
2.640000000010331860e-01
1.660000000001673470e-01
2.340000000012878445e-01
1.700000000018917490e-01
2.099999999982173904e-01
1.620000000038999133e-01
1.799999999993815436e-01
1.540000000004511094e-01
1.680000000023937901e-01
1.499999999996362021e-01
1.840000000011059456e-01
1.159999999981664587e-01
1.280000000024301698e-01
1.220000000030267984e-01
1.339999999981955625e-01
1.060000000006766641e-01
