2.632875999998565931e+03
5.897459999986404000e+02
5.857399999991184814e+01
1.786800000008042844e+01
7.086000000031617674e+00
3.114000000014129910e+00
2.008000000009815267e+00
1.528000000007068593e+00
1.238000000004376489e+00
9.300000000052932592e-01
7.860000000041509338e-01
7.740000000021609594e-01
7.760000000039326551e-01
6.860000000033323886e-01
6.820000000034269760e-01
6.940000000031432137e-01
6.760000000031141099e-01
7.180000000039399310e-01
8.140000000021245796e-01
6.780000000039763108e-01
8.100000000035834091e-01
7.680000000036670826e-01
7.580000000025393092e-01
7.660000000050786184e-01
7.160000000021682354e-01
6.700000000041654857e-01
6.520000000023173925e-01
5.520000000024083420e-01
5.580000000022664608e-01
5.040000000021791493e-01
4.880000000025574991e-01
4.760000000028412614e-01
1.228000000005522452e+00
4.480000000021391315e-01
3.940000000011423253e-01
3.860000000026957423e-01
3.220000000010259100e-01
3.040000000009968062e-01
3.620000000014442776e-01
4.340000000024701876e-01
3.780000000024301698e-01
3.640000000013969839e-01
3.200000000019826984e-01
3.846000000017284037e+00
2.720000000012987584e-01
3.640000000013969839e-01
3.160000000016225385e-01
3.100000000013096724e-01
2.480000000018662831e-01
2.580000000002655725e-01
2.280000000009749783e-01
2.400000000020554580e-01
2.300000000000181899e-01
2.040000000015425030e-01
1.860000000001491571e-01
2.220000000011168595e-01
2.280000000014297257e-01
2.420000000015534170e-01
2.220000000002073648e-01
2.380000000025574991e-01
2.379999999989195203e-01
2.220000000020263542e-01
2.560000000021318556e-01
2.720000000003892637e-01
2.780000000020663720e-01
2.640000000010331860e-01
2.380000000007385097e-01
2.940000000012332748e-01
2.400000000016007107e-01
2.660000000005311449e-01
3.200000000006184564e-01
2.660000000023501343e-01
2.360000000012405508e-01
2.780000000016116246e-01
2.200000000011641532e-01
2.500000000004547474e-01
2.300000000009276846e-01
2.180000000007566996e-01
2.200000000020736479e-01
1.660000000001673470e-01
1.660000000006220944e-01
1.660000000010768417e-01
1.340000000013787940e-01
1.899999999991450750e-01
1.080000000010841177e-01
1.300000000005638867e-01
1.140000000004874892e-01
1.060000000006766641e-01
8.000000000038198777e-02
1.320000000014260877e-01
6.799999999930150807e-02
8.600000000069485395e-02
7.800000000088402885e-02
9.599999999954889063e-02
5.600000000094951247e-02
9.599999999909414328e-02
6.800000000157524482e-02
6.599999999980354914e-02
6.000000000085492502e-02
