1.473199999999914951e+02
2.607000000000300588e+02
2.701819999999755737e+02
2.427119999998662934e+02
1.829619999999152924e+02
2.307740000002756915e+02
2.415340000002931902e+02
2.426340000002946908e+02
2.408340000002908710e+02
2.378539999999261454e+02
2.315519999994639875e+02
2.342939999994578102e+02
2.352579999994563877e+02
2.400119999994453792e+02
2.287439999994689970e+02
1.914339999995577273e+02
2.214699999994904829e+02
2.514999999994233804e+02
2.357519999994556201e+02
1.288860000004469839e+02
