1.541459999999909769e+02
2.714360000000312425e+02
2.809279999999767483e+02
2.529539999998607982e+02
1.906939999999109432e+02
2.393120000002775214e+02
2.520560000003033565e+02
2.517600000003076275e+02
2.515500000003078185e+02
2.477499999999390639e+02
2.425539999994530262e+02
2.423239999994552818e+02
2.470539999994339269e+02
2.504579999994170976e+02
2.385939999994434402e+02
2.005299999995327198e+02
2.322399999994581776e+02
2.613179999993917590e+02
2.446719999994293175e+02
1.342100000004502363e+02
