1.890279999999889640e+02
3.364360000000399396e+02
3.501179999999619668e+02
3.124099999998296653e+02
2.309139999999101747e+02
2.905220000003462246e+02
3.003440000003595287e+02
2.995940000003629393e+02
2.973700000003641435e+02
2.923839999999904649e+02
2.880179999993442834e+02
2.876479999993457568e+02
2.927859999993329438e+02
2.985399999993214806e+02
2.915099999993281017e+02
2.596299999993952952e+02
3.027679999992942612e+02
3.377179999992113153e+02
3.018099999992955418e+02
1.632300000005561742e+02
