1.435779999999916470e+02
2.528260000000291541e+02
2.628999999999759893e+02
2.352059999998712101e+02
1.762379999999160418e+02
2.226880000002649922e+02
2.372100000002883462e+02
2.363540000002842589e+02
2.340900000002816341e+02
2.337719999999258107e+02
2.283219999994721547e+02
2.286219999994709724e+02
2.298839999994693244e+02
2.340399999994588143e+02
2.212139999994928985e+02
1.846199999995774306e+02
2.146159999995065846e+02
2.418899999994450809e+02
2.269659999994796635e+02
1.251040000004322792e+02
