2.069539999999880706e+02
3.756480000000432824e+02
3.951699999999597139e+02
3.525479999998044605e+02
2.582619999998964886e+02
3.233100000003923924e+02
3.352900000004101457e+02
3.292080000004011708e+02
3.259180000003980240e+02
3.200520000000847176e+02
3.127519999992714475e+02
3.153879999992636840e+02
3.230159999992492885e+02
3.308959999992284793e+02
3.297919999992309386e+02
3.026239999992931189e+02
3.537979999991766817e+02
3.948279999990791111e+02
3.485299999991884761e+02
1.872920000006179180e+02
