5.520455999997473555e+03
1.485785999996535793e+03
1.743999999996276529e+02
6.148399999994217069e+01
2.702399999997123814e+01
1.190599999998630665e+01
7.697999999993044185e+00
5.850000000003092282e+00
4.718000000013489625e+00
3.700000000016189006e+00
2.834000000008927600e+00
2.680000000013023964e+00
2.536000000009153155e+00
2.406000000009953510e+00
2.354000000013002136e+00
2.336000000010244548e+00
2.616000000013627869e+00
2.434000000009291398e+00
2.422000000012303644e+00
2.452000000008411007e+00
2.672000000011394150e+00
2.554000000013729732e+00
2.580000000014479156e+00
2.588000000009742507e+00
2.586000000012973032e+00
2.578000000014071702e+00
2.290000000011787051e+00
2.294000000009873474e+00
1.906000000009953510e+00
2.046000000004823960e+00
1.886000000012245437e+00
1.792000000008556526e+00
3.378000000016982085e+00
1.596000000004096364e+00
1.412000000010266376e+00
1.390000000003965397e+00
1.410000000006220944e+00
1.368000000006759365e+00
1.320000000005165930e+00
1.398000000007414201e+00
1.262000000005173206e+00
1.252000000007683411e+00
1.168000000002393790e+00
9.196000000044477929e+00
1.284000000008745701e+00
1.158000000003085006e+00
1.096000000005005859e+00
1.066000000005260517e+00
1.024000000003979949e+00
8.600000000042200554e-01
8.880000000044674380e-01
8.960000000060972525e-01
8.980000000028667273e-01
8.880000000053769327e-01
8.520000000025902409e-01
8.860000000022409949e-01
8.440000000045984052e-01
7.940000000016880222e-01
8.180000000074869604e-01
9.380000000046493369e-01
9.580000000041763997e-01
9.800000000050204108e-01
8.820000000041545718e-01
1.052000000004227331e+00
1.054000000002815796e+00
9.560000000037689460e-01
1.006000000007588824e+00
1.056000000002313755e+00
1.016000000005078618e+00
1.014000000006490154e+00
1.096000000005005859e+00
1.002000000004045432e+00
9.800000000086583896e-01
1.122000000000298314e+00
8.620000000046275090e-01
9.860000000035142875e-01
8.760000000038417056e-01
7.560000000021318556e-01
8.040000000046347850e-01
7.420000000056461431e-01
8.100000000013096724e-01
6.660000000047148205e-01
6.100000000033105607e-01
6.580000000049039954e-01
5.160000000005311449e-01
5.260000000043874024e-01
4.780000000009749783e-01
5.500000000020008883e-01
4.400000000014188117e-01
4.360000000060608727e-01
4.240000000008876668e-01
4.899999999988722266e-01
3.060000000041327439e-01
4.000000000005456968e-01
3.019999999996798579e-01
3.860000000058789738e-01
3.299999999962892616e-01
3.220000000037543941e-01
3.200000000006184564e-01
