3.587537999997988663e+03
7.992619999981370711e+02
8.285799999991650111e+01
2.441000000010899385e+01
8.994000000042433385e+00
4.088000000017927960e+00
2.598000000011779775e+00
2.020000000011350494e+00
1.628000000006068149e+00
1.432000000006155460e+00
1.212000000006810296e+00
9.640000000035797711e-01
1.048000000006140908e+00
9.700000000038926373e-01
9.420000000045547495e-01
9.920000000056461431e-01
9.100000000025829650e-01
9.780000000046129571e-01
8.860000000040599843e-01
9.140000000033978722e-01
9.040000000049985829e-01
9.100000000034924597e-01
9.540000000042709871e-01
9.160000000056243152e-01
8.580000000029031071e-01
8.300000000035652192e-01
7.640000000046711648e-01
7.220000000015716068e-01
6.280000000033396645e-01
6.120000000028085196e-01
5.100000000029467628e-01
5.660000000043510227e-01
1.678000000007159542e+00
4.500000000016370905e-01
4.320000000016079866e-01
4.860000000026047928e-01
4.680000000016661943e-01
4.840000000012878445e-01
4.840000000049258233e-01
4.680000000007566996e-01
4.460000000026411726e-01
5.000000000009094947e-01
4.480000000012296368e-01
5.042000000024017936e+00
4.520000000029540388e-01
3.780000000015206751e-01
3.640000000032159733e-01
3.220000000001164153e-01
3.060000000014042598e-01
2.820000000010622898e-01
3.180000000020299922e-01
2.800000000015643309e-01
2.780000000011568773e-01
2.240000000001600711e-01
2.960000000011859811e-01
2.360000000026047928e-01
2.439999999996871338e-01
2.220000000015716068e-01
2.240000000019790605e-01
2.539999999989959178e-01
2.440000000042346073e-01
2.579999999998108251e-01
2.860000000009677024e-01
3.020000000024083420e-01
2.899999999999636202e-01
2.680000000018480932e-01
3.140000000012150849e-01
2.980000000015934347e-01
3.220000000019354047e-01
2.840000000005602487e-01
3.540000000020881998e-01
2.820000000010622898e-01
2.780000000011568773e-01
2.660000000005311449e-01
2.280000000018844730e-01
2.900000000017826096e-01
2.140000000017607817e-01
2.439999999996871338e-01
2.240000000010695658e-01
1.740000000008876668e-01
1.840000000020154403e-01
1.639999999988503987e-01
1.700000000009822543e-01
1.679999999996653059e-01
1.140000000013969839e-01
1.300000000019281288e-01
9.200000000055297278e-02
1.119999999991705408e-01
1.140000000004874892e-01
7.600000000002182787e-02
8.000000000265572453e-02
9.599999999863939593e-02
8.200000000033469405e-02
9.400000000096042641e-02
7.400000000143336365e-02
1.160000000008949428e-01
5.799999999817373464e-02
5.800000000181171345e-02
8.199999999942519935e-02
