4.098539999997807172e+03
9.693199999977759944e+02
1.002179999997724735e+02
3.186400000011144584e+01
1.297200000006523624e+01
5.636000000024978362e+00
3.762000000016087142e+00
2.762000000013358658e+00
2.250000000012732926e+00
1.826000000008207280e+00
1.436000000006970367e+00
1.374000000005253241e+00
1.302000000007865310e+00
1.222000000005209586e+00
1.188000000004649337e+00
1.304000000004634785e+00
1.240000000007967174e+00
1.270000000006803020e+00
1.256000000003950845e+00
1.234000000007654307e+00
1.264000000003761670e+00
1.276000000006206392e+00
1.338000000007923518e+00
1.298000000006140908e+00
1.280000000005202310e+00
1.260000000006584742e+00
1.142000000006191840e+00
1.020000000004074536e+00
9.740000000065265340e-01
9.880000000039217412e-01
8.900000000021464075e-01
8.260000000054787961e-01
2.116000000010899385e+00
6.560000000026775524e-01
7.200000000029831426e-01
6.180000000022118911e-01
7.780000000029758667e-01
6.620000000048094080e-01
6.600000000016734703e-01
6.040000000048166839e-01
6.160000000027139322e-01
6.840000000011059456e-01
6.320000000032450771e-01
6.110000000031504896e+00
6.160000000008949428e-01
5.980000000045038178e-01
4.940000000015061232e-01
4.700000000029831426e-01
4.540000000042709871e-01
4.479999999985011527e-01
3.660000000018044375e-01
4.100000000034924597e-01
4.420000000009167707e-01
3.980000000028667273e-01
3.600000000005820766e-01
3.860000000031504896e-01
4.380000000019208528e-01
4.080000000003565219e-01
3.660000000018044375e-01
4.420000000009167707e-01
4.400000000041472958e-01
3.920000000007348717e-01
4.820000000026993803e-01
4.560000000046784407e-01
5.260000000016589183e-01
5.140000000010331860e-01
5.140000000010331860e-01
5.080000000034488039e-01
4.720000000043000909e-01
5.140000000019426807e-01
4.880000000011932570e-01
4.840000000031068339e-01
4.360000000015133992e-01
4.900000000025102054e-01
4.760000000005675247e-01
4.340000000029249350e-01
3.160000000007130438e-01
3.640000000032159733e-01
4.260000000012951205e-01
3.260000000018408173e-01
3.739999999997962732e-01
2.940000000016880222e-01
2.620000000006257324e-01
2.720000000026630005e-01
2.260000000032960088e-01
2.660000000014406396e-01
2.259999999996580300e-01
2.180000000025756890e-01
1.520000000009531504e-01
2.180000000016661943e-01
1.739999999981591827e-01
2.280000000018844730e-01
1.480000000010477379e-01
1.999999999998181011e-01
1.480000000001382432e-01
1.480000000010477379e-01
1.040000000020881998e-01
1.359999999995125108e-01
1.260000000011132215e-01
