2.061905999998922198e+03
4.935059999988857271e+02
5.424599999987867704e+01
1.691200000006028858e+01
6.732000000031803211e+00
2.904000000014093530e+00
1.842000000008283678e+00
1.418000000006941264e+00
1.128000000005158654e+00
9.300000000048385118e-01
7.620000000033542165e-01
7.100000000032196112e-01
6.140000000032159733e-01
6.540000000027248461e-01
6.380000000040126906e-01
6.500000000019099389e-01
6.380000000031031959e-01
6.080000000029031071e-01
7.000000000039108272e-01
5.840000000025611371e-01
6.700000000028012437e-01
6.640000000033978722e-01
6.040000000029976945e-01
6.180000000026666385e-01
6.000000000026375346e-01
6.140000000036707206e-01
4.880000000007385097e-01
4.760000000037507562e-01
4.560000000014952093e-01
4.580000000023574103e-01
4.300000000016552804e-01
4.140000000020336302e-01
1.092000000005555194e+00
3.300000000008367351e-01
3.580000000019936124e-01
3.020000000019535946e-01
3.160000000007130438e-01
3.840000000022882887e-01
3.260000000013860699e-01
3.120000000012623786e-01
3.620000000018990249e-01
2.980000000015934347e-01
3.480000000017753337e-01
2.938000000012834789e+00
2.860000000018771971e-01
3.180000000015752448e-01
2.700000000008913048e-01
2.660000000023501343e-01
2.219999999997526174e-01
2.200000000011641532e-01
2.240000000006148184e-01
1.980000000021391315e-01
2.080000000000836735e-01
1.800000000012005330e-01
1.960000000012769306e-01
2.020000000002255547e-01
2.080000000009931682e-01
1.680000000014842954e-01
2.220000000011168595e-01
1.480000000005929905e-01
2.160000000003492460e-01
2.140000000017607817e-01
2.280000000009749783e-01
2.640000000010331860e-01
2.340000000008330971e-01
2.060000000010404619e-01
2.240000000010695658e-01
2.680000000013933459e-01
2.060000000014952093e-01
2.159999999998944986e-01
2.480000000018662831e-01
2.360000000012405508e-01
2.200000000011641532e-01
2.340000000012878445e-01
1.940000000008694769e-01
2.220000000006621121e-01
2.120000000008985808e-01
1.660000000010768417e-01
1.559999999999490683e-01
1.400000000007821654e-01
1.940000000017789716e-01
1.220000000002983143e-01
1.580000000012660166e-01
1.159999999995307007e-01
1.020000000016807462e-01
1.159999999999854481e-01
1.040000000002692104e-01
1.059999999993124220e-01
7.000000000152795110e-02
7.400000000006912160e-02
7.400000000052386895e-02
1.020000000012259989e-01
6.399999999939609552e-02
9.600000000045838533e-02
4.600000000073123374e-02
7.799999999997453415e-02
5.400000000054205884e-02
6.199999999989813659e-02
5.999999999994543032e-02
