3.686603999997938445e+03
8.209959999980865177e+02
8.534999999991487130e+01
2.441600000011112570e+01
9.276000000044405169e+00
4.300000000019281288e+00
2.722000000013395038e+00
2.144000000009327778e+00
1.662000000009356881e+00
1.368000000004030881e+00
1.134000000005471520e+00
1.040000000005420588e+00
1.062000000003536115e+00
9.780000000055224518e-01
9.680000000043946784e-01
9.780000000055224518e-01
9.660000000039872248e-01
9.760000000042055035e-01
9.240000000045256456e-01
8.980000000037762220e-01
9.100000000034924597e-01
9.960000000037325663e-01
9.100000000062209438e-01
9.200000000037107384e-01
8.300000000026557245e-01
8.820000000050640665e-01
8.060000000023137545e-01
7.420000000038271537e-01
6.740000000045256456e-01
5.700000000024374458e-01
5.880000000033760443e-01
5.620000000017171260e-01
1.732000000008156348e+00
4.640000000035797711e-01
4.940000000015061232e-01
4.960000000037325663e-01
4.619999999995343387e-01
4.960000000019135769e-01
4.400000000023283064e-01
4.160000000028958311e-01
4.600000000018553692e-01
4.420000000036452548e-01
4.380000000010113581e-01
5.172000000022308086e+00
4.380000000037398422e-01
3.640000000004874892e-01
3.700000000017098500e-01
3.340000000025611371e-01
3.280000000004292815e-01
3.440000000036889105e-01
3.119999999998981366e-01
3.020000000024083420e-01
2.699999999995270628e-01
2.760000000034779077e-01
2.419999999992796802e-01
2.520000000004074536e-01
2.720000000017535058e-01
2.580000000025393092e-01
2.579999999989013304e-01
2.920000000030995579e-01
2.839999999996507540e-01
2.640000000001236913e-01
3.160000000034415280e-01
3.020000000005893526e-01
3.240000000032523531e-01
3.160000000007130438e-01
3.500000000040017767e-01
3.659999999999854481e-01
2.880000000004656613e-01
3.660000000027139322e-01
3.180000000002110028e-01
3.160000000025320332e-01
3.160000000007130438e-01
3.320000000021536835e-01
2.800000000015643309e-01
2.759999999998399289e-01
2.640000000028521754e-01
2.279999999991559889e-01
2.440000000033251126e-01
2.200000000002546585e-01
2.160000000003492460e-01
1.820000000006984919e-01
1.720000000013897079e-01
1.820000000016079866e-01
1.580000000003565219e-01
1.579999999985375325e-01
1.160000000027139322e-01
1.279999999997016857e-01
8.800000000246654963e-02
1.099999999987630872e-01
1.000000000012732926e-01
1.120000000000800355e-01
9.400000000005093170e-02
9.999999999945430318e-02
9.400000000186992111e-02
1.040000000002692104e-01
7.200000000102591002e-02
8.200000000033469405e-02
5.800000000090221874e-02
