3.688195999997934905e+03
8.368279999980491084e+02
8.323999999984425813e+01
2.600600000011854718e+01
1.016000000004714821e+01
4.630000000021937012e+00
3.014000000013766112e+00
2.262000000009720679e+00
1.736000000008061761e+00
1.406000000006315531e+00
1.300000000005638867e+00
1.168000000006941264e+00
1.084000000004380126e+00
1.098000000005413312e+00
9.580000000041763997e-01
1.060000000005857146e+00
1.062000000002626621e+00
1.076000000007297785e+00
1.042000000004009053e+00
1.128000000005158654e+00
9.940000000042346073e-01
1.100000000004911271e+00
1.038000000005013135e+00
1.066000000005260517e+00
9.920000000038271537e-01
1.004000000005362381e+00
9.220000000022992026e-01
9.000000000041836756e-01
8.520000000053187250e-01
7.180000000025756890e-01
7.100000000027648639e-01
7.120000000022628228e-01
1.822000000009211362e+00
6.120000000028085196e-01
6.040000000029976945e-01
5.700000000042564352e-01
4.980000000005020411e-01
6.020000000025902409e-01
5.120000000033542165e-01
5.080000000034488039e-01
5.380000000013751560e-01
5.380000000022846507e-01
5.240000000021609594e-01
5.268000000024585461e+00
4.680000000007566996e-01
4.740000000037980499e-01
4.480000000012296368e-01
4.000000000014551915e-01
4.100000000034924597e-01
3.900000000003274181e-01
3.760000000011132215e-01
3.340000000034706318e-01
3.240000000014333636e-01
3.120000000017171260e-01
3.000000000010913936e-01
2.800000000006548362e-01
3.200000000006184564e-01
3.040000000009968062e-01
3.240000000032523531e-01
3.720000000012078090e-01
3.640000000023064786e-01
3.540000000002692104e-01
3.520000000016807462e-01
4.100000000025829650e-01
3.280000000022482709e-01
3.820000000005165930e-01
4.140000000015788828e-01
4.340000000038344297e-01
3.780000000015206751e-01
4.100000000007639755e-01
4.280000000026120688e-01
3.700000000017098500e-01
3.380000000015570549e-01
3.860000000013315002e-01
3.240000000014333636e-01
3.420000000023719622e-01
3.020000000014988473e-01
2.939999999998690328e-01
3.060000000014042598e-01
2.860000000009677024e-01
2.560000000030413503e-01
2.240000000001600711e-01
2.160000000012587407e-01
2.260000000014770194e-01
1.499999999996362021e-01
1.880000000001018634e-01
2.100000000036743586e-01
1.759999999994761311e-01
1.300000000010186341e-01
1.559999999999490683e-01
1.000000000012732926e-01
1.540000000004511094e-01
1.199999999998908606e-01
1.380000000017389539e-01
7.999999999901774572e-02
1.340000000018335413e-01
1.019999999989522621e-01
9.200000000146246748e-02
8.600000000024010660e-02
