4.218055999997707659e+03
9.788359999977510597e+02
1.012119999997776176e+02
3.227000000013231329e+01
1.293400000006204209e+01
5.734000000025844201e+00
3.732000000018160790e+00
2.700000000013460522e+00
2.150000000008731149e+00
1.782000000008338247e+00
1.540000000008149073e+00
1.312000000007174094e+00
1.278000000004794856e+00
1.298000000006140908e+00
1.228000000007341441e+00
1.244000000005144102e+00
1.196000000006279151e+00
1.282000000004700269e+00
1.302000000006046321e+00
1.276000000007115887e+00
1.262000000006082701e+00
1.250000000004547474e+00
1.262000000009720679e+00
1.226000000003296009e+00
1.270000000005893526e+00
1.272000000006300979e+00
1.128000000004249159e+00
1.104000000006635673e+00
1.020000000003165042e+00
8.820000000041545718e-01
8.400000000046929927e-01
8.640000000041254680e-01
2.208000000012361852e+00
6.880000000019208528e-01
6.060000000034051482e-01
6.800000000012005330e-01
6.080000000029031071e-01
6.740000000054351403e-01
6.460000000015497790e-01
6.020000000007712515e-01
6.760000000058425940e-01
6.560000000008585630e-01
5.920000000041909516e-01
6.184000000030209776e+00
5.840000000025611371e-01
5.480000000025029294e-01
5.300000000006548362e-01
4.640000000035797711e-01
4.240000000008876668e-01
3.820000000032450771e-01
4.300000000030195224e-01
4.140000000015788828e-01
3.940000000020518200e-01
4.560000000019499566e-01
3.400000000010550139e-01
4.100000000025829650e-01
4.400000000023283064e-01
3.240000000005238689e-01
3.380000000015570549e-01
4.220000000022992026e-01
3.720000000030267984e-01
3.880000000017389539e-01
4.960000000019135769e-01
4.740000000010695658e-01
4.840000000021973392e-01
4.640000000044892658e-01
5.100000000002182787e-01
4.860000000026047928e-01
4.580000000023574103e-01
5.280000000020663720e-01
5.320000000037907739e-01
4.780000000009749783e-01
4.940000000042346073e-01
4.799999999986539478e-01
4.140000000061263563e-01
4.340000000001964509e-01
4.360000000024228939e-01
3.480000000017753337e-01
3.539999999993597157e-01
3.240000000050713425e-01
3.279999999986102921e-01
2.880000000031941454e-01
2.540000000017244020e-01
3.120000000017171260e-01
2.039999999997235136e-01
2.359999999998763087e-01
1.780000000026120688e-01
2.359999999989668140e-01
1.539999999995416147e-01
1.760000000040236046e-01
2.160000000012587407e-01
1.779999999998835847e-01
1.740000000017971615e-01
1.799999999984720489e-01
1.520000000000436557e-01
1.700000000028012437e-01
1.379999999990104698e-01
1.800000000030195224e-01
1.059999999997671694e-01
