0.000000000000000000e+00
4.000000000000000083e-03
4.000000000000000083e-03
4.000000000000000083e-03
1.200000000000000719e-02
0.000000000000000000e+00
0.000000000000000000e+00
0.000000000000000000e+00
2.000000000000001776e-03
4.000000000000003553e-03
4.000000000000003553e-03
4.000000000000003553e-03
0.000000000000000000e+00
2.000000000000001776e-03
2.000000000000001776e-03
2.000000000000001776e-03
0.000000000000000000e+00
0.000000000000000000e+00
0.000000000000000000e+00
0.000000000000000000e+00
