4.267343999997674473e+03
1.003107999997665502e+03
1.095399999997653140e+02
3.369200000015462138e+01
1.246800000006169284e+01
5.772000000026309863e+00
3.668000000016036211e+00
2.724000000014711986e+00
2.256000000011226803e+00
1.776000000008025381e+00
1.580000000006293703e+00
1.400000000006912160e+00
1.274000000006708433e+00
1.188000000004649337e+00
1.196000000006279151e+00
1.272000000007210474e+00
1.252000000005864422e+00
1.356000000007043127e+00
1.284000000008745701e+00
1.204000000003361492e+00
1.206000000003768946e+00
1.272000000007210474e+00
1.282000000009247742e+00
1.198000000003958121e+00
1.204000000004270987e+00
1.096000000006824848e+00
1.024000000002160959e+00
1.012000000006082701e+00
9.160000000038053258e-01
8.820000000032450771e-01
8.400000000056024874e-01
7.600000000020372681e-01
2.212000000013176759e+00
6.500000000023646862e-01
6.140000000004874892e-01
6.680000000060317689e-01
6.100000000014915713e-01
5.900000000037834980e-01
6.960000000026411726e-01
5.960000000022773747e-01
5.900000000028740033e-01
5.920000000041909516e-01
5.900000000028740033e-01
6.262000000029729563e+00
5.500000000047293724e-01
4.800000000013824319e-01
4.820000000008803909e-01
4.720000000033905962e-01
5.180000000000291038e-01
4.100000000034924597e-01
3.940000000020518200e-01
3.620000000009895302e-01
4.340000000038344297e-01
3.699999999998908606e-01
3.380000000024665496e-01
3.419999999996434781e-01
3.980000000055952114e-01
3.539999999975407263e-01
3.720000000048457878e-01
3.699999999998908606e-01
4.160000000028958311e-01
4.560000000037689460e-01
3.800000000010186341e-01
3.820000000023355824e-01
4.560000000019499566e-01
4.900000000025102054e-01
4.060000000008585630e-01
4.580000000014479156e-01
4.240000000027066562e-01
4.360000000033323886e-01
4.340000000011059456e-01
4.440000000013242243e-01
4.440000000013242243e-01
4.260000000012951205e-01
3.500000000049112714e-01
3.799999999991996447e-01
3.740000000025247573e-01
3.360000000011496013e-01
3.100000000031286618e-01
2.679999999991196091e-01
2.860000000009677024e-01
2.720000000035724952e-01
2.480000000014115358e-01
2.480000000014115358e-01
1.739999999990686774e-01
2.060000000010404619e-01
1.780000000017025741e-01
2.020000000020445441e-01
1.639999999997598934e-01
1.860000000015133992e-01
1.639999999997598934e-01
1.620000000011714292e-01
1.399999999994179234e-01
1.280000000024301698e-01
8.599999999842111720e-02
1.379999999999199645e-01
1.000000000021827873e-01
1.139999999995779945e-01
1.200000000017098500e-01
