4.891671999997488456e+03
1.214683999997170758e+03
1.393939999996764527e+02
4.479400000002988236e+01
1.778000000008159986e+01
8.018000000038227881e+00
5.190000000024156179e+00
3.866000000017265847e+00
3.002000000015868864e+00
2.602000000008956704e+00
2.080000000010841177e+00
1.840000000009240466e+00
1.654000000009546056e+00
1.838000000007014023e+00
1.616000000007261406e+00
1.640000000007603376e+00
1.662000000006628397e+00
1.692000000010011718e+00
1.680000000006657501e+00
1.612000000007355993e+00
1.656000000007225026e+00
1.710000000008221832e+00
1.742000000012012606e+00
1.660000000004401954e+00
1.702000000012958481e+00
1.686000000005151378e+00
1.570000000008803909e+00
1.446000000007188646e+00
1.216000000004896719e+00
1.232000000003608875e+00
1.118000000006759365e+00
1.034000000004198228e+00
2.826000000012754754e+00
1.012000000007901690e+00
9.480000000021391315e-01
9.260000000031141099e-01
9.540000000060899765e-01
8.740000000043437467e-01
9.240000000045256456e-01
9.020000000027721399e-01
8.440000000055078999e-01
7.980000000052314135e-01
8.160000000007130438e-01
7.448000000036699930e+00
8.020000000060463208e-01
7.700000000040745363e-01
7.360000000016952981e-01
7.320000000045183697e-01
6.200000000008003553e-01
6.440000000065992936e-01
6.440000000038708095e-01
5.500000000010913936e-01
5.360000000009677024e-01
5.520000000014988473e-01
5.400000000045110937e-01
5.380000000004656613e-01
5.380000000041036401e-01
4.400000000032378011e-01
5.660000000016225385e-01
5.380000000041036401e-01
5.320000000010622898e-01
5.600000000004001777e-01
6.160000000054424163e-01
6.520000000027721399e-01
6.300000000028376235e-01
6.440000000020518200e-01
6.760000000049330993e-01
6.200000000008003553e-01
7.600000000056752469e-01
5.700000000006184564e-01
6.680000000033032848e-01
6.520000000036816346e-01
5.320000000028812792e-01
6.420000000052823452e-01
5.500000000020008883e-01
5.539999999991778168e-01
5.740000000032523531e-01
4.820000000054278644e-01
5.160000000023501343e-01
4.420000000018262654e-01
4.420000000000072760e-01
3.460000000022773747e-01
4.020000000000436557e-01
4.000000000041836756e-01
3.299999999999272404e-01
3.100000000013096724e-01
2.680000000036670826e-01
2.580000000007203198e-01
2.440000000005966285e-01
2.700000000013460522e-01
1.960000000017316779e-01
2.360000000026047928e-01
1.879999999991923687e-01
2.300000000004729372e-01
1.940000000013242243e-01
2.579999999989013304e-01
1.720000000041181920e-01
2.100000000009458745e-01
1.439999999993233359e-01
