1.528299999999913723e+02
2.757300000000285536e+02
2.910959999999836896e+02
2.643579999998532912e+02
1.927879999998999665e+02
2.485020000002839424e+02
2.563100000003137211e+02
2.520940000003085970e+02
2.504920000003057794e+02
2.476740000000513646e+02
2.415439999994559912e+02
2.423539999994404752e+02
2.470539999994239224e+02
2.529319999994108912e+02
2.492099999994197788e+02
2.204479999994850914e+02
2.567039999994021855e+02
2.886279999993257661e+02
2.598879999993951060e+02
1.421360000004542599e+02
