1.666159999999906915e+02
3.034140000000311375e+02
3.210759999999791034e+02
2.886239999998426811e+02
2.111059999998922194e+02
2.662520000003109999e+02
2.756220000003324913e+02
2.681440000003221940e+02
2.680740000003224850e+02
2.660560000001505614e+02
2.629239999993906167e+02
2.645099999993894926e+02
2.684639999993846686e+02
2.747059999993693964e+02
2.736259999993717429e+02
2.500979999994274294e+02
2.928919999993267993e+02
3.281299999992479570e+02
2.892199999993363235e+02
1.576040000005086767e+02
