5.362347999997331499e+03
1.370457999996816397e+03
1.535679999996391416e+02
5.135799999994014797e+01
2.126200000010248914e+01
9.572000000043772161e+00
6.370000000031723175e+00
4.652000000021871529e+00
3.684000000018386345e+00
3.000000000013642421e+00
2.312000000009902578e+00
2.170000000011896191e+00
2.058000000009087671e+00
1.956000000010135409e+00
1.922000000005937181e+00
1.996000000011008524e+00
1.982000000012703822e+00
1.924000000005435140e+00
2.072000000011030352e+00
2.016000000011445081e+00
2.050000000007457857e+00
2.060000000011314114e+00
2.116000000007261406e+00
2.114000000010491931e+00
1.976000000010571966e+00
2.032000000009247742e+00
1.828000000008614734e+00
1.748000000009596988e+00
1.698000000006686605e+00
1.526000000005296897e+00
1.346000000007734343e+00
1.398000000007414201e+00
3.180000000016661943e+00
1.114000000003215973e+00
1.098000000003594323e+00
1.030000000010659278e+00
1.042000000003099558e+00
1.040000000004511094e+00
1.080000000002655725e+00
9.920000000074651325e-01
1.022000000004481990e+00
1.018000000004576577e+00
9.800000000050204108e-01
8.446000000039930455e+00
9.540000000033614924e-01
9.320000000061554601e-01
9.080000000030850060e-01
8.840000000036525307e-01
8.100000000040381565e-01
7.720000000035724952e-01
7.600000000065847416e-01
6.520000000009531504e-01
7.160000000021682354e-01
6.920000000063737389e-01
6.400000000021464075e-01
7.020000000011350494e-01
6.000000000049112714e-01
6.360000000013315002e-01
5.720000000010259100e-01
6.500000000078216544e-01
6.660000000010768417e-01
6.320000000023355824e-01
7.440000000015061232e-01
7.740000000057989382e-01
7.720000000044819899e-01
7.220000000015716068e-01
7.180000000053041731e-01
7.720000000044819899e-01
7.780000000020663720e-01
8.400000000074214768e-01
8.220000000010259100e-01
7.980000000034124241e-01
7.700000000031650416e-01
7.680000000045765773e-01
7.000000000043655746e-01
7.020000000038635335e-01
7.300000000032014214e-01
6.000000000003637979e-01
6.300000000055661076e-01
5.340000000023792381e-01
4.859999999998763087e-01
5.280000000047948561e-01
4.599999999991268851e-01
5.000000000036379788e-01
3.680000000013023964e-01
3.660000000018044375e-01
3.140000000021245796e-01
4.320000000043364707e-01
2.619999999997162377e-01
3.300000000017462298e-01
3.119999999980791472e-01
3.600000000060390448e-01
2.719999999990250217e-01
2.799999999997453415e-01
2.080000000023574103e-01
2.520000000022264430e-01
2.340000000031068339e-01
2.659999999978026608e-01
2.260000000032960088e-01
