7.844399999999561146e+01
1.422660000000146567e+02
1.511279999999910046e+02
1.360959999999246861e+02
9.984199999994814334e+01
1.257240000001468161e+02
1.298120000001581502e+02
1.268000000001549097e+02
1.254160000001526214e+02
1.261960000000724449e+02
1.247619999997100422e+02
1.245219999997104878e+02
1.268099999997050418e+02
1.293239999996992537e+02
1.282879999997016967e+02
1.170319999997282139e+02
1.381499999996788119e+02
1.541739999996411825e+02
1.372259999996813349e+02
7.428400000024203109e+01
