3.487591999998039682e+03
7.754979999981924266e+02
8.002599999991889490e+01
2.319800000010309304e+01
8.634000000038213329e+00
4.136000000021340384e+00
2.620000000012623786e+00
1.904000000007727067e+00
1.558000000008178176e+00
1.346000000005005859e+00
1.142000000005282345e+00
9.860000000062427716e-01
9.720000000052095857e-01
9.260000000022046152e-01
8.960000000042782631e-01
9.840000000058353180e-01
9.200000000037107384e-01
9.700000000048021320e-01
8.960000000033687684e-01
8.780000000042491592e-01
8.380000000033760443e-01
8.520000000034997356e-01
9.120000000057189027e-01
8.660000000027139322e-01
9.000000000069121597e-01
7.460000000010040822e-01
7.640000000028521754e-01
6.900000000032378011e-01
6.600000000034924597e-01
5.920000000041909516e-01
5.380000000022846507e-01
5.540000000009968062e-01
1.648000000008323696e+00
5.160000000023501343e-01
4.600000000018553692e-01
4.260000000031141099e-01
4.180000000005748007e-01
3.780000000006111804e-01
4.180000000033032848e-01
4.380000000028303475e-01
4.400000000014188117e-01
4.300000000030195224e-01
3.900000000003274181e-01
5.014000000023770554e+00
4.120000000020809239e-01
3.620000000009895302e-01
2.900000000017826096e-01
3.060000000004947651e-01
2.800000000015643309e-01
3.060000000032232492e-01
2.740000000003419700e-01
2.640000000010331860e-01
2.620000000024447218e-01
2.719999999999345164e-01
2.600000000011277734e-01
2.500000000009094947e-01
2.640000000001236913e-01
2.320000000017898856e-01
2.820000000010622898e-01
2.500000000018189894e-01
2.660000000005311449e-01
3.000000000029103830e-01
2.919999999994615791e-01
2.740000000021609594e-01
3.120000000017171260e-01
2.560000000012223609e-01
2.960000000011859811e-01
3.000000000010913936e-01
3.180000000029394869e-01
3.360000000020590960e-01
3.460000000013678800e-01
3.179999999993015081e-01
3.040000000019063009e-01
2.940000000025975169e-01
2.580000000007203198e-01
2.960000000002764864e-01
2.660000000005311449e-01
2.020000000020445441e-01
2.380000000011932570e-01
1.760000000012951205e-01
1.819999999997889972e-01
1.980000000021391315e-01
1.640000000006693881e-01
1.800000000002910383e-01
1.400000000003274181e-01
1.320000000005165930e-01
1.160000000008949428e-01
1.260000000002037268e-01
1.020000000007712515e-01
1.300000000010186341e-01
9.799999999995634425e-02
1.060000000006766641e-01
1.040000000002692104e-01
1.160000000018044375e-01
6.399999999939609552e-02
8.399999999983265297e-02
8.000000000174622983e-02
7.600000000002182787e-02
7.800000000042928150e-02
