8.816599999999492354e+01
1.587680000000190148e+02
1.638019999999799268e+02
1.468619999999211814e+02
1.079319999999638640e+02
1.349980000001625058e+02
1.404160000001664912e+02
1.402740000001668932e+02
1.392880000001648568e+02
1.368279999999838310e+02
1.331119999996944898e+02
1.334559999996945407e+02
1.363419999996926890e+02
1.385659999996871647e+02
1.364579999996917650e+02
1.210879999997255254e+02
1.413339999996801453e+02
1.575839999996437655e+02
1.422739999996788356e+02
7.718400000026213092e+01
