7.162359999996103852e+02
1.679199999996111501e+02
1.786999999996453425e+01
5.358000000022684617e+00
2.104000000010046278e+00
1.006000000004746653e+00
5.640000000026930138e-01
4.520000000021582309e-01
3.320000000015852493e-01
3.340000000015379555e-01
2.160000000010313670e-01
2.660000000010995791e-01
2.280000000013160388e-01
2.220000000008894858e-01
2.260000000012496457e-01
1.980000000006612026e-01
1.980000000013433237e-01
2.000000000007275958e-01
1.960000000010495569e-01
2.320000000008803909e-01
2.160000000010313670e-01
2.520000000013169483e-01
2.040000000009740688e-01
2.400000000011459633e-01
2.320000000011077645e-01
1.960000000008221832e-01
1.840000000009922587e-01
1.380000000004883987e-01
1.900000000010777512e-01
1.200000000005729817e-01
1.220000000006393748e-01
1.300000000006775736e-01
3.880000000017389539e-01
1.000000000004774847e-01
9.800000000063846528e-02
1.200000000003456080e-01
1.160000000004401954e-01
7.600000000047657522e-02
9.600000000045838533e-02
7.600000000024920155e-02
8.600000000069485395e-02
1.080000000002883098e-01
8.600000000058116711e-02
1.046000000004823960e+00
1.160000000006675691e-01
1.140000000002601155e-01
8.000000000049567461e-02
8.400000000062846084e-02
8.000000000026830094e-02
7.200000000034378900e-02
6.200000000035288394e-02
7.400000000029649527e-02
5.800000000022009772e-02
6.400000000030559022e-02
6.000000000040017767e-02
6.400000000030559022e-02
7.400000000018280844e-02
6.400000000041927706e-02
6.600000000025829650e-02
8.200000000033469405e-02
6.800000000032468961e-02
7.200000000045747583e-02
6.800000000021100277e-02
7.400000000052386895e-02
7.000000000027739588e-02
8.000000000026830094e-02
8.400000000028740033e-02
8.000000000060936145e-02
8.400000000040108716e-02
7.200000000023010216e-02
8.400000000051477400e-02
5.600000000026739144e-02
7.600000000024920155e-02
7.600000000047657522e-02
7.400000000029649527e-02
6.600000000014460966e-02
5.800000000033378456e-02
4.200000000025738700e-02
8.200000000044838089e-02
5.200000000024829205e-02
4.800000000022919266e-02
4.800000000022919266e-02
4.000000000030468073e-02
4.800000000000181899e-02
2.800000000036106940e-02
5.400000000020099833e-02
4.000000000030468073e-02
3.999999999996362021e-02
3.800000000035197445e-02
3.199999999992542143e-02
1.400000000012369128e-02
3.600000000017189450e-02
1.400000000001000444e-02
2.999999999997271516e-02
2.000000000032287062e-02
1.800000000002910383e-02
9.999999999990905053e-03
2.200000000016189006e-02
2.200000000004820322e-02
