4.267759999997697378e+03
1.011381999997649473e+03
1.093899999997556733e+02
3.370200000014483521e+01
1.306600000006255868e+01
5.902000000027328497e+00
3.646000000016101694e+00
2.808000000015454134e+00
2.242000000011103111e+00
1.924000000009073119e+00
1.562000000004445610e+00
1.454000000007908966e+00
1.436000000008789357e+00
1.256000000003950845e+00
1.316000000008898496e+00
1.294000000003507012e+00
1.272000000008119969e+00
1.192000000005464244e+00
1.386000000006788468e+00
1.258000000006177288e+00
1.290000000006330083e+00
1.368000000005849870e+00
1.328000000004976755e+00
1.340000000007421477e+00
1.254000000005362381e+00
1.302000000008774805e+00
1.004000000002633897e+00
1.088000000004285539e+00
9.140000000052168616e-01
8.840000000045620254e-01
7.300000000041109161e-01
7.500000000036379788e-01
2.160000000011677912e+00
6.860000000006039045e-01
7.220000000033905962e-01
6.280000000042491592e-01
6.840000000029249350e-01
5.780000000022482709e-01
5.880000000024665496e-01
6.060000000043146429e-01
5.860000000029685907e-01
6.640000000024883775e-01
5.900000000019645086e-01
6.270000000031359377e+00
5.880000000015570549e-01
5.700000000042564352e-01
5.240000000021609594e-01
4.560000000019499566e-01
4.480000000021391315e-01
4.140000000033978722e-01
4.099999999998544808e-01
4.200000000009822543e-01
3.520000000044092303e-01
4.040000000004511094e-01
3.720000000002983143e-01
4.080000000021755113e-01
3.820000000032450771e-01
3.120000000017171260e-01
3.920000000025538611e-01
3.980000000010477379e-01
3.960000000015497790e-01
4.600000000018553692e-01
4.040000000031795935e-01
4.580000000005384209e-01
4.760000000032960088e-01
4.640000000026702764e-01
4.720000000006621121e-01
5.080000000025393092e-01
4.300000000048385118e-01
5.000000000027284841e-01
4.780000000000654836e-01
4.440000000031432137e-01
4.660000000003492460e-01
4.820000000026993803e-01
4.040000000013606041e-01
3.880000000017389539e-01
3.760000000020227162e-01
3.300000000017462298e-01
3.520000000034997356e-01
3.019999999996798579e-01
2.920000000012805685e-01
2.820000000019717845e-01
2.440000000015061232e-01
3.140000000003055902e-01
2.260000000014770194e-01
2.300000000013824319e-01
1.980000000012296368e-01
1.980000000012296368e-01
1.599999999989449861e-01
1.800000000039290171e-01
1.139999999995779945e-01
1.959999999990031938e-01
1.480000000001382432e-01
2.080000000050858944e-01
1.059999999988576747e-01
1.400000000030559022e-01
1.059999999961291905e-01
1.359999999995125108e-01
1.100000000024010660e-01
