3.809647999997865554e+03
8.636179999979958666e+02
9.137399999987064803e+01
2.707200000012744567e+01
9.986000000048079528e+00
4.588000000021565938e+00
2.978000000014617399e+00
2.302000000010593794e+00
1.712000000007719791e+00
1.450000000008003553e+00
1.294000000002597517e+00
1.138000000008105417e+00
1.142000000005282345e+00
1.094000000004598405e+00
1.052000000006955815e+00
1.058000000003630703e+00
1.094000000007326889e+00
1.076000000002750312e+00
1.084000000005289621e+00
1.028000000003885361e+00
1.018000000004576577e+00
9.920000000065556378e-01
9.260000000040236046e-01
9.680000000025756890e-01
9.840000000058353180e-01
9.480000000057771103e-01
9.060000000017680577e-01
8.140000000048530637e-01
7.120000000049913069e-01
6.260000000038417056e-01
5.640000000003055902e-01
6.720000000022992026e-01
2.042000000011285010e+00
5.400000000017826096e-01
5.300000000024738256e-01
4.960000000037325663e-01
4.600000000018553692e-01
4.840000000031068339e-01
4.880000000011932570e-01
4.540000000024519977e-01
4.880000000011932570e-01
5.280000000029758667e-01
4.700000000011641532e-01
5.538000000026841008e+00
4.640000000017607817e-01
4.500000000043655746e-01
4.160000000001673470e-01
4.160000000038053258e-01
3.240000000023428584e-01
3.419999999987339834e-01
3.280000000031577656e-01
3.420000000014624675e-01
2.960000000011859811e-01
3.020000000005893526e-01
2.960000000030049705e-01
2.520000000031359377e-01
3.000000000001818989e-01
2.880000000013751560e-01
3.039999999991778168e-01
3.240000000023428584e-01
3.240000000023428584e-01
3.020000000005893526e-01
3.360000000011496013e-01
3.580000000019936124e-01
3.100000000013096724e-01
3.200000000033469405e-01
3.620000000009895302e-01
3.940000000011423253e-01
3.600000000024010660e-01
3.780000000006111804e-01
3.840000000045620254e-01
3.400000000001455192e-01
2.980000000006839400e-01
3.360000000002401066e-01
2.660000000041691237e-01
2.739999999994324753e-01
3.100000000004001777e-01
2.180000000016661943e-01
2.480000000023210305e-01
2.320000000017898856e-01
2.319999999999708962e-01
2.360000000007858034e-01
1.660000000028958311e-01
1.759999999994761311e-01
1.520000000009531504e-01
1.620000000002619345e-01
1.440000000002328306e-01
1.400000000003274181e-01
1.180000000031213858e-01
1.419999999998253770e-01
1.039999999993597157e-01
1.580000000012660166e-01
8.599999999933061190e-02
1.100000000005820766e-01
8.600000000024010660e-02
1.080000000010841177e-01
7.600000000002182787e-02
8.800000000155705493e-02
9.399999999914143700e-02
