2.548351999998562860e+03
5.514239999987485135e+02
5.520999999997866325e+01
1.570400000007248309e+01
5.904000000025916961e+00
2.796000000013464160e+00
1.694000000007690687e+00
1.196000000004914909e+00
1.002000000005864422e+00
8.680000000031213858e-01
7.660000000046238711e-01
7.580000000034488039e-01
6.340000000027430360e-01
6.320000000032450771e-01
6.520000000018626451e-01
6.560000000031322998e-01
5.660000000025320332e-01
6.140000000023064786e-01
6.320000000041545718e-01
5.640000000021245796e-01
6.280000000033396645e-01
6.600000000021282176e-01
6.160000000027139322e-01
6.460000000038235157e-01
6.300000000032923708e-01
5.120000000010804797e-01
5.320000000028812792e-01
4.780000000037034624e-01
4.340000000006511982e-01
3.560000000020409061e-01
3.540000000011787051e-01
3.800000000019281288e-01
1.120000000004893081e+00
3.040000000019063009e-01
3.000000000010913936e-01
2.880000000013751560e-01
2.900000000017826096e-01
3.080000000018117134e-01
3.020000000005893526e-01
2.920000000003710738e-01
2.680000000013933459e-01
3.260000000022955646e-01
2.860000000018771971e-01
3.482000000016341801e+00
2.380000000007385097e-01
2.800000000011095835e-01
2.000000000011823431e-01
2.160000000008039933e-01
1.880000000010113581e-01
1.900000000000545697e-01
1.420000000011896191e-01
1.640000000006693881e-01
1.580000000008112693e-01
1.760000000008403731e-01
1.840000000011059456e-01
1.580000000008112693e-01
1.459999999997307896e-01
1.740000000022519089e-01
1.700000000000727596e-01
1.459999999997307896e-01
1.660000000010768417e-01
1.760000000008403731e-01
1.800000000007457857e-01
2.140000000017607817e-01
1.760000000008403731e-01
1.740000000013424142e-01
1.799999999998362910e-01
2.440000000015061232e-01
1.600000000003092282e-01
2.080000000009931682e-01
2.260000000005675247e-01
2.180000000021209416e-01
1.620000000002619345e-01
1.840000000015606929e-01
1.840000000006511982e-01
1.860000000010586518e-01
1.680000000001200533e-01
1.700000000009822543e-01
1.500000000014551915e-01
1.379999999999199645e-01
1.360000000008767529e-01
1.060000000002219167e-01
1.300000000005638867e-01
9.600000000000363798e-02
6.800000000112049747e-02
1.039999999993597157e-01
1.000000000012732926e-01
8.800000000064756023e-02
5.399999999963256414e-02
7.400000000006912160e-02
4.800000000022919266e-02
4.400000000032378011e-02
6.800000000021100277e-02
8.800000000110230758e-02
5.000000000063664629e-02
6.399999999939609552e-02
4.399999999986903276e-02
6.000000000130967237e-02
3.400000000056024874e-02
