4.091797999997734223e+03
9.421999999978088454e+02
1.023879999998198400e+02
3.055800000014369289e+01
1.148000000005595211e+01
5.190000000025065674e+00
3.382000000014159014e+00
2.374000000014348188e+00
1.916000000006533810e+00
1.706000000009225914e+00
1.452000000004773028e+00
1.244000000007872586e+00
1.206000000003768946e+00
1.212000000008629286e+00
1.214000000004489266e+00
1.138000000005376933e+00
1.192000000007283234e+00
1.148000000003776222e+00
1.154000000005908078e+00
1.112000000004627509e+00
1.156000000006315531e+00
1.126000000005660695e+00
1.144000000002961315e+00
1.092000000007828930e+00
1.114000000004125468e+00
1.028000000004794856e+00
9.720000000052095857e-01
8.800000000037471182e-01
8.720000000039362931e-01
7.260000000051149982e-01
7.380000000021027518e-01
6.380000000044674380e-01
1.892000000008920324e+00
5.680000000029394869e-01
6.020000000025902409e-01
6.160000000018044375e-01
5.460000000020954758e-01
5.240000000039799488e-01
6.020000000025902409e-01
5.760000000036598067e-01
5.720000000028448994e-01
6.200000000026193447e-01
5.980000000017753337e-01
5.888000000026295311e+00
4.320000000052459654e-01
4.120000000020809239e-01
4.300000000012005330e-01
4.040000000013606041e-01
3.480000000017753337e-01
4.320000000016079866e-01
4.000000000014551915e-01
3.260000000036598067e-01
3.299999999999272404e-01
3.220000000019354047e-01
3.200000000015279511e-01
3.200000000015279511e-01
2.900000000008731149e-01
3.220000000019354047e-01
3.780000000015206751e-01
3.420000000014624675e-01
3.220000000010259100e-01
3.480000000026848284e-01
3.660000000018044375e-01
3.620000000000800355e-01
3.640000000032159733e-01
3.940000000020518200e-01
4.059999999999490683e-01
3.880000000026484486e-01
4.300000000039290171e-01
3.999999999996362021e-01
3.620000000018990249e-01
3.600000000014915713e-01
3.280000000022482709e-01
3.660000000018044375e-01
3.600000000014915713e-01
3.560000000034051482e-01
3.960000000006402843e-01
2.840000000023792381e-01
3.620000000000800355e-01
2.340000000012878445e-01
2.800000000024738256e-01
2.540000000008149073e-01
2.260000000014770194e-01
2.200000000020736479e-01
1.660000000001673470e-01
1.780000000007930794e-01
1.559999999999490683e-01
1.860000000015133992e-01
1.340000000000145519e-01
1.560000000008585630e-01
1.520000000027721399e-01
1.480000000001382432e-01
1.059999999970386853e-01
1.480000000037762220e-01
9.400000000186992111e-02
1.039999999993597157e-01
1.220000000002983143e-01
1.120000000009895302e-01
7.800000000042928150e-02
