1.854979999999891049e+02
3.309280000000401287e+02
3.466639999999603106e+02
3.071799999998296471e+02
2.271079999999155916e+02
2.860900000003459809e+02
2.969360000003630375e+02
2.929080000003577879e+02
2.924900000003572131e+02
2.861299999999878310e+02
2.835319999993466809e+02
2.835439999993386664e+02
2.892619999993257807e+02
2.943779999993134879e+02
2.875679999993308229e+02
2.534379999994098398e+02
2.964139999993085439e+02
3.295699999992302764e+02
2.956459999993121528e+02
1.600740000005398542e+02
