3.457701999998108477e+03
7.764519999981921501e+02
7.656199999988257332e+01
2.378400000010060467e+01
9.482000000044536137e+00
4.188000000020110747e+00
2.782000000011066732e+00
2.172000000010484655e+00
1.600000000007639755e+00
1.354000000005726179e+00
1.102000000006228220e+00
1.002000000003135938e+00
1.002000000006773917e+00
9.040000000040890882e-01
9.440000000040527084e-01
9.820000000045183697e-01
9.740000000037980499e-01
8.800000000037471182e-01
1.022000000004481990e+00
9.680000000043946784e-01
9.900000000052386895e-01
1.066000000006170012e+00
1.080000000004474714e+00
9.600000000036743586e-01
1.000000000005456968e+00
9.020000000045911293e-01
8.120000000026266207e-01
7.380000000039217412e-01
7.140000000035797711e-01
7.020000000020445441e-01
6.440000000029613147e-01
5.980000000035943231e-01
1.684000000007472408e+00
5.620000000035361154e-01
4.860000000007858034e-01
5.340000000023792381e-01
4.700000000029831426e-01
4.500000000016370905e-01
4.600000000027648639e-01
4.780000000037034624e-01
5.220000000017535058e-01
4.640000000017607817e-01
5.200000000013460522e-01
4.862000000023726898e+00
4.860000000026047928e-01
4.500000000016370905e-01
3.820000000014260877e-01
3.540000000011787051e-01
3.200000000024374458e-01
3.460000000004583853e-01
3.100000000022191671e-01
3.280000000013387762e-01
3.100000000013096724e-01
2.960000000011859811e-01
2.980000000015934347e-01
3.180000000020299922e-01
2.820000000001527951e-01
3.080000000018117134e-01
2.720000000008440111e-01
2.860000000009677024e-01
2.760000000025684130e-01
2.920000000003710738e-01
2.840000000023792381e-01
3.119999999998981366e-01
3.260000000036598067e-01
3.220000000010259100e-01
3.780000000006111804e-01
3.760000000038417056e-01
3.419999999987339834e-01
3.600000000033105607e-01
3.580000000001746230e-01
3.260000000036598067e-01
3.180000000020299922e-01
3.579999999983556336e-01
2.820000000037907739e-01
3.500000000021827873e-01
3.140000000021245796e-01
2.719999999990250217e-01
2.560000000012223609e-01
2.200000000011641532e-01
2.400000000016007107e-01
2.319999999999708962e-01
1.800000000021100277e-01
1.739999999999781721e-01
1.380000000026484486e-01
1.739999999990686774e-01
2.000000000007275958e-01
1.380000000017389539e-01
1.239999999997962732e-01
1.280000000015206751e-01
8.600000000024010660e-02
1.600000000007639755e-01
1.040000000002692104e-01
1.220000000012078090e-01
7.400000000052386895e-02
1.039999999993597157e-01
9.400000000005093170e-02
1.040000000002692104e-01
7.800000000224827090e-02
