1.436079999999919607e+02
2.594860000000261380e+02
2.735379999999875054e+02
2.506679999998613084e+02
1.851719999999018000e+02
2.305340000002640863e+02
2.433880000002970974e+02
2.394140000002926172e+02
2.386220000002908819e+02
2.357740000000553664e+02
2.317099999994788959e+02
2.316299999994612335e+02
2.344699999994522841e+02
2.395279999994422724e+02
2.351559999994519785e+02
2.089639999995138169e+02
2.411199999994378231e+02
2.707879999993692763e+02
2.445779999994292666e+02
1.342060000004285030e+02
