1.930099999998958538e+03
4.564319999989384087e+02
4.818199999988883064e+01
1.522400000004972753e+01
6.158000000030369847e+00
2.754000000012638338e+00
1.694000000007690687e+00
1.326000000006843038e+00
1.038000000005013135e+00
8.000000000033651304e-01
6.840000000033796823e-01
5.880000000029212970e-01
5.840000000025611371e-01
4.960000000023683242e-01
6.420000000030086085e-01
6.420000000030086085e-01
5.900000000033287506e-01
6.520000000023173925e-01
6.380000000031031959e-01
6.060000000034051482e-01
6.000000000030922820e-01
6.080000000024483597e-01
6.440000000034160621e-01
6.440000000029613147e-01
5.660000000029867806e-01
6.460000000029140210e-01
5.480000000020481821e-01
5.160000000018953870e-01
5.040000000035433914e-01
4.220000000022992026e-01
4.180000000010295480e-01
3.840000000013787940e-01
1.044000000005326001e+00
3.360000000025138434e-01
3.560000000011314114e-01
2.940000000007785275e-01
3.300000000022009772e-01
3.300000000012914825e-01
3.220000000014806574e-01
3.060000000018590072e-01
3.060000000014042598e-01
2.820000000019717845e-01
3.680000000008476491e-01
2.766000000013718818e+00
2.780000000020663720e-01
3.120000000012623786e-01
2.800000000002000888e-01
2.380000000016480044e-01
2.100000000014006218e-01
1.780000000003383320e-01
2.200000000011641532e-01
1.940000000008694769e-01
2.260000000010222720e-01
1.840000000001964509e-01
1.920000000018262654e-01
1.779999999998835847e-01
1.900000000014188117e-01
1.560000000004038156e-01
2.220000000015716068e-01
1.900000000009640644e-01
1.860000000010586518e-01
1.900000000005093170e-01
2.380000000007385097e-01
2.180000000016661943e-01
2.300000000009276846e-01
2.240000000010695658e-01
1.940000000004147296e-01
2.240000000024338078e-01
2.240000000006148184e-01
2.400000000006912160e-01
2.420000000020081643e-01
2.520000000008622010e-01
2.220000000011168595e-01
2.680000000009385985e-01
2.280000000009749783e-01
2.160000000017134880e-01
1.860000000006039045e-01
1.620000000011714292e-01
2.280000000000654836e-01
1.340000000013787940e-01
1.539999999995416147e-01
1.440000000015970727e-01
1.460000000010950316e-01
1.100000000001273293e-01
1.040000000002692104e-01
1.500000000005456968e-01
9.600000000091313268e-02
1.059999999997671694e-01
7.400000000097861630e-02
1.080000000001746230e-01
7.600000000047657522e-02
1.000000000003637979e-01
1.000000000008185452e-01
1.020000000003165042e-01
6.400000000030559022e-02
8.800000000019281288e-02
4.200000000037107384e-02
9.799999999995634425e-02
7.000000000061845640e-02
