1.395579999999919494e+02
2.463720000000274410e+02
2.560119999999802758e+02
2.298619999998761614e+02
1.735359999999130878e+02
2.221780000002574980e+02
2.304800000002737761e+02
2.309220000002756024e+02
2.296520000002808501e+02
2.280839999999350312e+02
2.226139999994975369e+02
2.235059999994932696e+02
2.270699999994867539e+02
2.287499999994815880e+02
2.180259999995064391e+02
1.810959999995807266e+02
2.076079999995154139e+02
2.352019999994531645e+02
2.227279999994802893e+02
1.230400000004119647e+02
