4.000000000000000083e-03
2.000000000000000042e-03
0.000000000000000000e+00
2.000000000000000042e-03
6.000000000000000125e-03
2.000000000000000042e-03
2.000000000000001776e-03
2.000000000000001776e-03
2.000000000000001776e-03
0.000000000000000000e+00
0.000000000000000000e+00
0.000000000000000000e+00
4.000000000000003553e-03
0.000000000000000000e+00
0.000000000000000000e+00
2.000000000000001776e-03
2.000000000000001776e-03
2.000000000000001776e-03
2.000000000000001776e-03
0.000000000000000000e+00
