1.705079999999900622e+02
3.024560000000354876e+02
3.144699999999683087e+02
2.824899999998465319e+02
2.102499999999142801e+02
2.645680000003148962e+02
2.775180000003326768e+02
2.733300000003278001e+02
2.714920000003248788e+02
2.690819999999544052e+02
2.638539999993968195e+02
2.651899999993943311e+02
2.692559999993850397e+02
2.736179999993742058e+02
2.641799999993968413e+02
2.235579999994893114e+02
2.638019999993975944e+02
2.966979999993218371e+02
2.756619999993617967e+02
1.479580000005053080e+02
