3.377847999998113664e+03
7.401739999982746667e+02
7.535799999994560494e+01
2.171600000009948417e+01
8.270000000037725840e+00
3.868000000019492290e+00
2.424000000011801603e+00
1.628000000006068149e+00
1.394000000006599294e+00
1.228000000007341441e+00
9.920000000038271537e-01
1.010000000004765752e+00
9.840000000049258233e-01
8.700000000035288394e-01
9.220000000041181920e-01
9.160000000038053258e-01
9.800000000059299055e-01
9.320000000034269760e-01
8.560000000024956535e-01
8.000000000065483619e-01
7.960000000011859811e-01
8.760000000047512003e-01
8.100000000040381565e-01
8.320000000039726729e-01
7.420000000038271537e-01
8.160000000034415280e-01
6.940000000022337190e-01
6.600000000044019544e-01
6.100000000033105607e-01
5.220000000008440111e-01
4.860000000044237822e-01
4.680000000007566996e-01
1.514000000005580659e+00
3.960000000033687684e-01
3.880000000017389539e-01
4.160000000019863364e-01
4.100000000025829650e-01
3.700000000008003553e-01
3.340000000016516424e-01
4.160000000019863364e-01
4.240000000017971615e-01
3.780000000024301698e-01
3.460000000004583853e-01
4.912000000022999302e+00
3.720000000021173037e-01
4.320000000025174813e-01
2.840000000005602487e-01
2.860000000009677024e-01
2.680000000027575879e-01
2.219999999997526174e-01
2.340000000003783498e-01
2.620000000033542165e-01
2.619999999997162377e-01
2.440000000005966285e-01
2.120000000022628228e-01
2.560000000003128662e-01
2.160000000012587407e-01
2.380000000021027518e-01
2.479999999995925464e-01
2.040000000015425030e-01
2.820000000019717845e-01
2.680000000000291038e-01
2.260000000023865141e-01
2.420000000001891749e-01
2.940000000016880222e-01
3.180000000011204975e-01
3.000000000020008883e-01
2.979999999997744453e-01
2.640000000019426807e-01
2.760000000025684130e-01
2.600000000011277734e-01
2.820000000001527951e-01
2.940000000025975169e-01
2.900000000017826096e-01
2.299999999995634425e-01
2.179999999998472049e-01
2.160000000039872248e-01
2.059999999983119778e-01
1.800000000021100277e-01
1.100000000005820766e-01
1.800000000002910383e-01
1.600000000007639755e-01
1.420000000016443664e-01
1.500000000005456968e-01
1.639999999988503987e-01
1.160000000027139322e-01
1.020000000007712515e-01
1.159999999999854481e-01
8.399999999983265297e-02
1.300000000001091394e-01
8.600000000024010660e-02
8.400000000074214768e-02
9.400000000005093170e-02
7.200000000102591002e-02
9.200000000146246748e-02
6.400000000030559022e-02
6.199999999898864189e-02
4.399999999986903276e-02
6.599999999980354914e-02
