1.733019999999898744e+02
3.071260000000371519e+02
3.178719999999659649e+02
2.864519999998423145e+02
2.131579999999125903e+02
2.677620000003234964e+02
2.789720000003408131e+02
2.791400000003409332e+02
2.760280000003363057e+02
2.746859999999433057e+02
2.666419999993781857e+02
2.672259999993789279e+02
2.717359999993677775e+02
2.752619999993598867e+02
2.685999999993737219e+02
2.290779999994661011e+02
2.670819999993800593e+02
3.014619999992992234e+02
2.784419999993506281e+02
1.511960000005192342e+02
