5.381333999997313185e+03
1.367147999996833278e+03
1.595559999996321494e+02
5.263199999996413680e+01
2.114000000009946234e+01
9.244000000043342880e+00
6.158000000030369847e+00
4.600000000023101165e+00
3.650000000017826096e+00
3.046000000013009412e+00
2.438000000012834789e+00
2.266000000011445081e+00
2.108000000010179065e+00
1.980000000010477379e+00
1.914000000006126356e+00
1.964000000011765223e+00
2.058000000006359187e+00
1.926000000011299562e+00
2.026000000011663360e+00
1.898000000007414201e+00
2.108000000007450581e+00
2.052000000012412784e+00
2.086000000011154043e+00
2.012000000006082701e+00
1.846000000011372322e+00
1.850000000007639755e+00
1.732000000007246854e+00
1.590000000010149961e+00
1.570000000006075425e+00
1.422000000008665666e+00
1.246000000004642061e+00
1.244000000006963091e+00
3.078000000014981197e+00
1.084000000004380126e+00
1.148000000002866727e+00
1.016000000005078618e+00
9.560000000055879354e-01
1.088000000004285539e+00
1.042000000005828042e+00
9.820000000072468538e-01
9.760000000023865141e-01
1.050000000006548362e+00
1.006000000004860340e+00
8.218000000037136488e+00
9.260000000049330993e-01
8.740000000034342520e-01
8.700000000017098500e-01
7.620000000079016900e-01
6.900000000023283064e-01
7.279999999991559889e-01
7.020000000075015123e-01
6.160000000027139322e-01
6.400000000021464075e-01
6.540000000031795935e-01
6.440000000038708095e-01
6.420000000061918399e-01
6.260000000002037268e-01
5.700000000033469405e-01
6.040000000011787051e-01
6.120000000028085196e-01
6.640000000043073669e-01
6.580000000039945007e-01
7.680000000018480932e-01
7.300000000059299055e-01
7.700000000031650416e-01
7.160000000012587407e-01
7.420000000029176590e-01
8.760000000074796844e-01
7.760000000007494236e-01
8.640000000059444574e-01
7.880000000031941454e-01
7.640000000028521754e-01
7.460000000055515557e-01
8.040000000028157956e-01
5.940000000045984052e-01
6.599999999989449861e-01
7.160000000058062142e-01
6.420000000016443664e-01
6.240000000061627361e-01
5.099999999993087840e-01
5.220000000053914846e-01
4.300000000002910383e-01
4.080000000021755113e-01
4.899999999997817213e-01
3.360000000020590960e-01
4.060000000054060365e-01
3.459999999995488906e-01
3.760000000011132215e-01
2.560000000021318556e-01
3.120000000008076313e-01
3.000000000020008883e-01
3.820000000032450771e-01
2.339999999985593604e-01
3.060000000014042598e-01
2.240000000010695658e-01
3.160000000016225385e-01
2.620000000006257324e-01
2.540000000035433914e-01
2.280000000000654836e-01
