1.568739999999909287e+02
2.763460000000319496e+02
2.876839999999729116e+02
2.596719999998581443e+02
1.935319999999161382e+02
2.446420000002929100e+02
2.543340000003070145e+02
2.536660000003050754e+02
2.540780000003062469e+02
2.518519999999361971e+02
2.453759999994322243e+02
2.472999999994290192e+02
2.495359999994266218e+02
2.526959999994210193e+02
2.409739999994476420e+02
2.057239999995290418e+02
2.383459999994533973e+02
2.690259999993832025e+02
2.512739999994246318e+02
1.366460000004699396e+02
