3.448657999998029482e+03
7.580059999982604495e+02
7.846199999994223617e+01
2.270600000010563235e+01
8.306000000040512532e+00
3.870000000018990249e+00
2.430000000011204975e+00
1.832000000009429641e+00
1.536000000006424671e+00
1.304000000004634785e+00
1.110000000006039045e+00
1.054000000004634785e+00
9.260000000049330993e-01
9.060000000044965418e-01
9.220000000050276867e-01
8.820000000041545718e-01
8.600000000042200554e-01
8.840000000036525307e-01
9.260000000031141099e-01
8.500000000040017767e-01
7.740000000048894435e-01
8.960000000042782631e-01
9.040000000040890882e-01
8.500000000040017767e-01
8.140000000039435690e-01
7.840000000041982275e-01
7.540000000026338967e-01
7.140000000035797711e-01
6.080000000029031071e-01
5.620000000026266207e-01
5.160000000032596290e-01
4.920000000029176590e-01
1.648000000006504706e+00
4.500000000025465852e-01
4.420000000018262654e-01
4.200000000028012437e-01
3.540000000011787051e-01
3.840000000018335413e-01
4.220000000022992026e-01
4.120000000011714292e-01
3.720000000012078090e-01
3.820000000032450771e-01
3.480000000008658390e-01
4.708000000020547304e+00
3.660000000036234269e-01
3.220000000001164153e-01
3.320000000030631782e-01
3.180000000011204975e-01
2.960000000020954758e-01
2.940000000007785275e-01
2.520000000031359377e-01
2.800000000006548362e-01
2.960000000011859811e-01
2.340000000003783498e-01
2.260000000014770194e-01
2.600000000002182787e-01
2.600000000029467628e-01
2.319999999999708962e-01
2.400000000006912160e-01
2.060000000010404619e-01
2.060000000019499566e-01
2.640000000001236913e-01
2.380000000011932570e-01
2.920000000021900632e-01
3.100000000022191671e-01
2.359999999998763087e-01
3.120000000017171260e-01
2.780000000011568773e-01
2.680000000009385985e-01
2.780000000011568773e-01
2.740000000030704541e-01
2.920000000003710738e-01
2.580000000016298145e-01
2.540000000008149073e-01
2.480000000014115358e-01
2.840000000005602487e-01
2.200000000020736479e-01
1.940000000004147296e-01
1.980000000003201421e-01
1.180000000013023964e-01
1.760000000012951205e-01
1.499999999987267074e-01
1.240000000016152626e-01
1.760000000022046152e-01
1.239999999988867785e-01
1.180000000022118911e-01
1.360000000004220055e-01
1.180000000003929017e-01
8.600000000024010660e-02
1.139999999986684998e-01
9.600000000045838533e-02
9.400000000186992111e-02
7.800000000042928150e-02
1.139999999995779945e-01
6.400000000121508492e-02
7.599999999911233317e-02
7.000000000243744580e-02
7.799999999861029210e-02
6.800000000112049747e-02
