1.708559999999904448e+02
3.110840000000320629e+02
3.274099999999784245e+02
2.939959999998399098e+02
2.150099999998894873e+02
2.748060000003156347e+02
2.852120000003435507e+02
2.785940000003365640e+02
2.747400000003312925e+02
2.732180000001330882e+02
2.705079999993749880e+02
2.721599999993700294e+02
2.760939999993656784e+02
2.813699999993559686e+02
2.791999999993595338e+02
2.519859999994209829e+02
2.983179999993144520e+02
3.341719999992328667e+02
2.959799999993183519e+02
1.621780000005201146e+02
