3.741007999997909337e+03
8.422119999980682223e+02
8.748399999989214848e+01
2.603000000012070814e+01
9.736000000045351044e+00
4.430000000020299922e+00
2.884000000014566467e+00
2.110000000010586518e+00
1.742000000007465133e+00
1.500000000007275958e+00
1.272000000004481990e+00
1.122000000004845788e+00
1.040000000006330083e+00
1.030000000006111804e+00
9.980000000032305252e-01
1.016000000005988113e+00
1.030000000004292815e+00
1.010000000005675247e+00
1.016000000003259629e+00
1.044000000006235496e+00
1.072000000005573384e+00
1.016000000004169124e+00
8.940000000029613147e-01
9.440000000049622031e-01
9.600000000064028427e-01
8.740000000025247573e-01
8.560000000043146429e-01
7.280000000037034624e-01
8.020000000051368261e-01
6.840000000020154403e-01
6.220000000030267984e-01
5.560000000023137545e-01
1.818000000010215444e+00
5.080000000007203198e-01
4.840000000021973392e-01
4.500000000034560799e-01
4.720000000033905962e-01
4.939999999996871338e-01
5.100000000020372681e-01
4.660000000030777301e-01
4.940000000024156179e-01
4.880000000002837623e-01
4.760000000032960088e-01
5.432000000026164344e+00
4.320000000016079866e-01
3.700000000026193447e-01
3.620000000009895302e-01
3.360000000020590960e-01
3.000000000001818989e-01
3.040000000037252903e-01
3.060000000004947651e-01
3.080000000027212081e-01
2.740000000003419700e-01
2.840000000014697434e-01
3.200000000015279511e-01
2.440000000024156179e-01
2.640000000001236913e-01
2.700000000013460522e-01
2.780000000020663720e-01
2.799999999988358468e-01
2.440000000015061232e-01
3.260000000027503120e-01
3.160000000016225385e-01
3.720000000012078090e-01
3.280000000022482709e-01
3.340000000007421477e-01
3.160000000025320332e-01
3.859999999995125108e-01
3.720000000039362931e-01
3.500000000021827873e-01
3.740000000007057679e-01
3.220000000010259100e-01
2.960000000020954758e-01
3.640000000013969839e-01
3.260000000027503120e-01
2.899999999999636202e-01
2.600000000029467628e-01
2.519999999994979589e-01
2.520000000004074536e-01
2.020000000038635335e-01
1.779999999998835847e-01
1.840000000001964509e-01
1.639999999997598934e-01
1.980000000021391315e-01
1.059999999997671694e-01
1.359999999995125108e-01
1.460000000006402843e-01
1.340000000045620254e-01
1.159999999990759534e-01
1.159999999999854481e-01
1.279999999997016857e-01
1.200000000017098500e-01
9.200000000055297278e-02
1.160000000008949428e-01
9.399999999914143700e-02
1.140000000004874892e-01
8.400000000165164238e-02
1.100000000005820766e-01
8.599999999842111720e-02
