2.290659999999874969e+02
4.254580000000412383e+02
4.590999999999739885e+02
4.102759999997733757e+02
2.943699999998530075e+02
3.681720000004249869e+02
3.717480000004525209e+02
3.618060000004415997e+02
3.560140000004353169e+02
3.509340000003203386e+02
3.406259999993558267e+02
3.427719999992182238e+02
3.506759999991963923e+02
3.636859999991547738e+02
3.846099999991038203e+02
3.996819999990675569e+02
4.727579999989011412e+02
5.130799999988021227e+02
4.267319999990086217e+02
2.222940000006919945e+02
