3.923147999997810984e+03
8.921699999979373388e+02
9.503199999986100011e+01
2.815800000013041426e+01
1.052200000004995672e+01
4.676000000023122993e+00
3.198000000014872057e+00
2.376000000009298674e+00
1.810000000011314114e+00
1.596000000005005859e+00
1.292000000006737537e+00
1.206000000006497430e+00
1.178000000003521563e+00
1.066000000007989001e+00
1.132000000003245077e+00
1.118000000005849870e+00
1.032000000008338247e+00
1.058000000003630703e+00
1.172000000004118192e+00
1.010000000004765752e+00
1.090000000003783498e+00
1.022000000007210474e+00
1.094000000003688911e+00
9.880000000048312359e-01
1.048000000005231414e+00
9.940000000042346073e-01
9.440000000049622031e-01
8.560000000052241376e-01
7.780000000020663720e-01
6.120000000046275090e-01
6.680000000033032848e-01
6.060000000015861588e-01
1.824000000009618816e+00
6.160000000027139322e-01
5.180000000027575879e-01
5.200000000031650416e-01
5.060000000021318556e-01
5.640000000021245796e-01
5.060000000012223609e-01
4.760000000032960088e-01
4.860000000044237822e-01
5.620000000008076313e-01
5.360000000027866918e-01
5.640000000023064786e+00
4.640000000035797711e-01
4.320000000034269760e-01
4.560000000019499566e-01
4.020000000009531504e-01
4.120000000038999133e-01
3.420000000005529728e-01
3.420000000032814569e-01
3.119999999998981366e-01
2.920000000012805685e-01
3.060000000032232492e-01
3.160000000007130438e-01
2.799999999997453415e-01
2.740000000039799488e-01
2.799999999988358468e-01
3.000000000029103830e-01
2.820000000010622898e-01
3.520000000007712515e-01
3.180000000020299922e-01
3.580000000029031071e-01
4.179999999987558112e-01
3.360000000047875801e-01
3.419999999996434781e-01
3.200000000033469405e-01
3.559999999997671694e-01
3.740000000025247573e-01
3.540000000011787051e-01
4.160000000028958311e-01
3.900000000021464075e-01
3.840000000018335413e-01
3.700000000017098500e-01
2.980000000015934347e-01
3.400000000019645086e-01
3.560000000006766641e-01
2.520000000013169483e-01
2.920000000003710738e-01
2.160000000030777301e-01
2.359999999998763087e-01
1.619999999993524398e-01
2.160000000021682354e-01
2.320000000017898856e-01
1.500000000014551915e-01
1.739999999990686774e-01
1.640000000015788828e-01
1.440000000011423253e-01
1.019999999998617568e-01
1.600000000007639755e-01
9.999999999854480848e-02
1.200000000026193447e-01
1.039999999993597157e-01
1.200000000026193447e-01
8.400000000074214768e-02
9.799999999995634425e-02
7.799999999861029210e-02
9.000000000287400326e-02
7.400000000052386895e-02
