1.521979999999914810e+02
2.749180000000279733e+02
2.892259999999859588e+02
2.635739999998539815e+02
1.939039999998974508e+02
2.477500000002798970e+02
2.578720000003152109e+02
2.519940000003077785e+02
2.511660000003068944e+02
2.476380000000585824e+02
2.428619999994548380e+02
2.436279999994344507e+02
2.493439999994184291e+02
2.541539999994074606e+02
2.479559999994226018e+02
2.189579999994884929e+02
2.549959999994061945e+02
2.875979999993305682e+02
2.608599999993939491e+02
1.427060000004494213e+02
