3.464691999998035499e+03
7.582339999982687004e+02
7.772199999994882091e+01
2.263800000010633084e+01
8.106000000037965947e+00
4.016000000018721039e+00
2.480000000011386874e+00
1.836000000008425559e+00
1.486000000008061761e+00
1.256000000004860340e+00
1.094000000004598405e+00
9.540000000051804818e-01
9.200000000055297278e-01
9.200000000046202331e-01
9.180000000042127795e-01
8.560000000024956535e-01
9.580000000059953891e-01
8.540000000039071892e-01
8.100000000040381565e-01
8.840000000036525307e-01
9.060000000035870471e-01
8.460000000050058588e-01
8.720000000030267984e-01
8.080000000036307028e-01
8.640000000050349627e-01
8.040000000037252903e-01
7.620000000042637112e-01
6.400000000021464075e-01
5.940000000027794158e-01
5.680000000029394869e-01
5.080000000016298145e-01
5.220000000044819899e-01
1.560000000006766641e+00
4.380000000028303475e-01
4.080000000003565219e-01
3.500000000003637979e-01
3.480000000035943231e-01
3.740000000016152626e-01
3.900000000012369128e-01
4.340000000020154403e-01
3.680000000013023964e-01
4.100000000025829650e-01
4.520000000020445441e-01
4.906000000023595931e+00
3.740000000007057679e-01
3.320000000021536835e-01
3.500000000003637979e-01
2.960000000030049705e-01
2.900000000008731149e-01
2.760000000016589183e-01
2.640000000010331860e-01
2.740000000012514647e-01
2.460000000010040822e-01
2.220000000006621121e-01
1.940000000004147296e-01
2.400000000034197001e-01
2.640000000019426807e-01
2.079999999996289262e-01
2.119999999986248440e-01
2.160000000030777301e-01
2.440000000005966285e-01
2.220000000015716068e-01
2.360000000007858034e-01
2.880000000013751560e-01
3.100000000013096724e-01
2.680000000027575879e-01
2.779999999993378879e-01
2.760000000025684130e-01
2.960000000039144652e-01
2.659999999978026608e-01
2.319999999999708962e-01
2.680000000027575879e-01
2.960000000011859811e-01
2.420000000020081643e-01
2.280000000000654836e-01
2.540000000008149073e-01
2.100000000018553692e-01
2.320000000008803909e-01
2.360000000007858034e-01
1.340000000009240466e-01
1.840000000011059456e-01
1.460000000015497790e-01
1.519999999982246663e-01
1.360000000022409949e-01
1.040000000002692104e-01
1.360000000013315002e-01
1.040000000002692104e-01
1.080000000001746230e-01
1.199999999998908606e-01
1.260000000011132215e-01
8.600000000024010660e-02
9.600000000136788003e-02
1.040000000002692104e-01
1.019999999989522621e-01
5.800000000181171345e-02
9.199999999964347808e-02
4.600000000027648639e-02
7.800000000133877620e-02
4.000000000087311491e-02
