2.185439999999875056e+02
3.946500000000447699e+02
4.146139999999586507e+02
3.692359999997986506e+02
2.723759999998903822e+02
3.412360000004080121e+02
3.514240000004222111e+02
3.430860000004136054e+02
3.414840000004110152e+02
3.395600000001027183e+02
3.284719999992462363e+02
3.318539999992385674e+02
3.383279999992250850e+02
3.474499999992003723e+02
3.460519999992102385e+02
3.188839999992651428e+02
3.753839999991405421e+02
4.175539999990423894e+02
3.676259999991434597e+02
1.974560000006458722e+02
