3.720505999997902109e+03
8.357979999980598222e+02
8.717999999989206117e+01
2.551600000011876546e+01
9.676000000044950866e+00
4.486000000022613676e+00
2.868000000012216333e+00
2.220000000012078090e+00
1.698000000007596100e+00
1.430000000004838512e+00
1.260000000006584742e+00
1.178000000007159542e+00
1.048000000004321919e+00
9.800000000059299055e-01
9.700000000048021320e-01
1.012000000005173206e+00
1.020000000002255547e+00
1.058000000006359187e+00
1.016000000005078618e+00
9.180000000023937901e-01
9.540000000051804818e-01
1.084000000007108611e+00
1.014000000002852175e+00
9.540000000060899765e-01
9.280000000044310582e-01
8.740000000034342520e-01
7.920000000040090526e-01
8.160000000052605174e-01
6.900000000014188117e-01
6.660000000028958311e-01
6.100000000024010660e-01
5.560000000023137545e-01
1.768000000009124051e+00
5.620000000044456101e-01
5.080000000016298145e-01
5.060000000012223609e-01
4.800000000050204108e-01
4.820000000008803909e-01
4.320000000006984919e-01
4.680000000016661943e-01
5.200000000031650416e-01
4.860000000007858034e-01
4.880000000039217412e-01
5.452000000025691406e+00
4.500000000025465852e-01
3.620000000028085196e-01
3.840000000009240466e-01
3.860000000013315002e-01
3.000000000020008883e-01
2.780000000020663720e-01
3.019999999987703632e-01
2.620000000024447218e-01
3.040000000019063009e-01
2.500000000009094947e-01
2.560000000012223609e-01
2.900000000017826096e-01
2.600000000029467628e-01
2.640000000001236913e-01
2.620000000015352271e-01
3.280000000013387762e-01
2.859999999991487130e-01
3.520000000034997356e-01
2.860000000009677024e-01
3.400000000019645086e-01
2.760000000016589183e-01
3.240000000005238689e-01
3.620000000037180143e-01
3.320000000003346941e-01
3.300000000017462298e-01
3.620000000009895302e-01
3.640000000032159733e-01
3.139999999993960955e-01
3.300000000017462298e-01
3.440000000036889105e-01
3.020000000005893526e-01
2.900000000008731149e-01
2.720000000008440111e-01
2.440000000005966285e-01
2.900000000026921043e-01
2.120000000004438334e-01
2.140000000008512870e-01
1.960000000026411726e-01
1.619999999984429451e-01
1.680000000014842954e-01
1.180000000003929017e-01
1.800000000012005330e-01
1.460000000006402843e-01
1.400000000003274181e-01
1.240000000016152626e-01
1.080000000001746230e-01
7.800000000042928150e-02
1.319999999996070983e-01
9.200000000146246748e-02
9.199999999964347808e-02
1.020000000007712515e-01
9.799999999995634425e-02
5.800000000090221874e-02
6.999999999879946699e-02
8.200000000215368345e-02
