1.953799999999892236e+02
3.634860000000370519e+02
3.889939999999719475e+02
3.489599999998064277e+02
2.513579999998830772e+02
3.114380000003729947e+02
3.166080000003864825e+02
3.078100000003746572e+02
3.046860000003721325e+02
3.006560000003028108e+02
2.898979999993516685e+02
2.889279999993282217e+02
2.965119999993103193e+02
3.106979999992790908e+02
3.247439999992448065e+02
3.367299999992155790e+02
3.940499999990852302e+02
4.288939999990034266e+02
3.581039999991662626e+02
1.868200000006054324e+02
