2.044019999999882202e+02
3.674540000000436066e+02
3.850499999999557303e+02
3.402719999998149660e+02
2.510959999999083720e+02
3.144040000003783462e+02
3.270200000003917467e+02
3.223960000003871755e+02
3.195080000003858913e+02
3.138080000000268228e+02
3.066359999992992016e+02
3.085199999992937592e+02
3.137539999992818593e+02
3.228899999992627272e+02
3.186839999992716912e+02
2.899119999993336023e+02
3.400559999992210578e+02
3.741139999991310106e+02
3.339539999992239245e+02
1.801680000005990223e+02
