4.009603999997834308e+03
9.368739999978511150e+02
9.657399999978497362e+01
3.086800000012408418e+01
1.201000000005751644e+01
5.494000000026062480e+00
3.562000000017178536e+00
2.658000000013089448e+00
2.018000000008214556e+00
1.772000000007210474e+00
1.386000000009516953e+00
1.344000000005507900e+00
1.110000000005129550e+00
1.194000000004052708e+00
1.300000000006548362e+00
1.194000000005871698e+00
1.168000000006031769e+00
1.198000000003958121e+00
1.328000000006795744e+00
1.216000000007625204e+00
1.240000000004329195e+00
1.224000000005617039e+00
1.204000000006089977e+00
1.226000000007843482e+00
1.152000000002772140e+00
1.174000000006344635e+00
1.090000000006511982e+00
9.100000000034924597e-01
9.860000000026047928e-01
8.940000000075087883e-01
7.979999999997744453e-01
7.580000000061772880e-01
1.966000000010353688e+00
6.820000000025174813e-01
6.660000000038053258e-01
6.880000000019208528e-01
6.580000000058134901e-01
6.319999999996070983e-01
6.240000000025247573e-01
6.340000000045620254e-01
6.100000000033105607e-01
6.320000000041545718e-01
5.840000000007421477e-01
5.984000000028572686e+00
6.140000000032159733e-01
5.040000000017244020e-01
4.680000000034851837e-01
4.480000000012296368e-01
4.880000000021027518e-01
4.580000000023574103e-01
4.120000000011714292e-01
4.200000000046202331e-01
4.320000000006984919e-01
3.460000000004583853e-01
3.840000000018335413e-01
3.760000000020227162e-01
3.760000000029322109e-01
3.640000000004874892e-01
3.520000000044092303e-01
3.979999999992287485e-01
4.200000000018917490e-01
3.960000000015497790e-01
4.020000000027721399e-01
4.760000000005675247e-01
4.920000000047366484e-01
4.320000000006984919e-01
4.540000000015425030e-01
4.760000000032960088e-01
4.820000000026993803e-01
5.040000000026338967e-01
4.980000000014115358e-01
4.380000000028303475e-01
4.840000000031068339e-01
4.440000000013242243e-01
4.440000000022337190e-01
4.099999999998544808e-01
3.560000000034051482e-01
3.660000000008949428e-01
3.900000000030559022e-01
3.320000000012441888e-01
3.220000000019354047e-01
2.980000000015934347e-01
2.640000000001236913e-01
2.720000000017535058e-01
1.820000000025174813e-01
2.639999999983047019e-01
2.000000000025465852e-01
2.080000000014479156e-01
1.920000000009167707e-01
1.860000000006039045e-01
1.760000000012951205e-01
1.999999999998181011e-01
1.439999999993233359e-01
1.520000000009531504e-01
1.260000000020227162e-01
1.520000000009531504e-01
1.300000000019281288e-01
1.419999999989158823e-01
1.180000000013023964e-01
