3.815333999997847513e+03
8.563779999980092725e+02
9.104399999987981573e+01
2.677600000012535020e+01
9.914000000047053618e+00
4.732000000021798769e+00
3.160000000016225385e+00
2.190000000010513759e+00
1.742000000008374627e+00
1.556000000006861228e+00
1.254000000005362381e+00
1.238000000007559720e+00
1.122000000004845788e+00
1.092000000005100446e+00
1.052000000005136826e+00
1.026000000004387402e+00
1.062000000005355105e+00
9.660000000039872248e-01
1.076000000003659807e+00
1.084000000006199116e+00
1.006000000004860340e+00
9.920000000047366484e-01
1.046000000004823960e+00
9.340000000038344297e-01
1.014000000007399649e+00
9.740000000047075446e-01
8.640000000023064786e-01
8.120000000035361154e-01
7.080000000041763997e-01
6.880000000037398422e-01
6.240000000025247573e-01
6.520000000027721399e-01
1.794000000007144990e+00
5.200000000049840310e-01
5.540000000009968062e-01
5.140000000028521754e-01
4.520000000020445441e-01
4.580000000041763997e-01
5.140000000010331860e-01
4.920000000020081643e-01
4.500000000016370905e-01
4.660000000039872248e-01
4.540000000015425030e-01
5.562000000026273483e+00
4.360000000015133992e-01
4.040000000013606041e-01
4.340000000047439244e-01
3.759999999992942321e-01
3.120000000017171260e-01
3.000000000010913936e-01
2.820000000019717845e-01
2.820000000028812792e-01
2.280000000000654836e-01
3.140000000012150849e-01
2.840000000023792381e-01
2.520000000013169483e-01
3.000000000001818989e-01
2.600000000002182787e-01
2.760000000034779077e-01
3.400000000001455192e-01
3.100000000031286618e-01
2.680000000000291038e-01
3.120000000017171260e-01
3.400000000010550139e-01
3.260000000000218279e-01
3.580000000047220965e-01
3.300000000008367351e-01
3.240000000014333636e-01
3.520000000016807462e-01
3.780000000033396645e-01
3.299999999981082510e-01
3.380000000042855390e-01
3.780000000006111804e-01
2.700000000004365575e-01
3.080000000027212081e-01
2.980000000025029294e-01
2.819999999992433004e-01
2.420000000029176590e-01
2.240000000001600711e-01
2.320000000017898856e-01
2.100000000018553692e-01
1.739999999990686774e-01
1.700000000037107384e-01
2.159999999976207619e-01
1.460000000015497790e-01
1.540000000013606041e-01
1.079999999992651283e-01
1.400000000012369128e-01
1.120000000009895302e-01
1.080000000010841177e-01
9.599999999954889063e-02
1.099999999996725819e-01
1.000000000003637979e-01
1.140000000023064786e-01
9.199999999873398338e-02
1.020000000007712515e-01
1.160000000018044375e-01
1.159999999981664587e-01
9.000000000287400326e-02
