3.597945999997964464e+03
7.999899999981353176e+02
7.796199999988766649e+01
2.375200000011045631e+01
9.050000000042928150e+00
4.362000000017360435e+00
2.838000000014289981e+00
2.154000000011365046e+00
1.670000000006439222e+00
1.396000000006097252e+00
1.156000000007225026e+00
1.068000000002939487e+00
1.064000000006672053e+00
9.800000000041109161e-01
9.560000000028594513e-01
9.220000000041181920e-01
1.032000000005609763e+00
9.940000000033251126e-01
9.780000000073414412e-01
9.940000000033251126e-01
9.580000000041763997e-01
1.008000000006177288e+00
1.006000000003950845e+00
9.720000000043000909e-01
9.880000000048312359e-01
9.460000000053696567e-01
8.820000000032450771e-01
8.300000000035652192e-01
6.940000000031432137e-01
6.560000000035870471e-01
5.840000000034706318e-01
5.540000000019063009e-01
1.822000000006482878e+00
5.100000000029467628e-01
5.060000000030413503e-01
4.920000000029176590e-01
4.760000000014770194e-01
4.980000000041400199e-01
4.900000000006912160e-01
4.740000000028885552e-01
5.180000000009385985e-01
4.320000000016079866e-01
4.820000000036088750e-01
5.116000000022722816e+00
4.500000000016370905e-01
4.240000000036161509e-01
4.220000000004802132e-01
4.040000000013606041e-01
3.380000000015570549e-01
3.000000000020008883e-01
3.580000000019936124e-01
2.960000000020954758e-01
2.600000000002182787e-01
2.800000000024738256e-01
2.480000000014115358e-01
2.760000000007494236e-01
2.660000000014406396e-01
2.780000000002473826e-01
2.620000000006257324e-01
3.180000000038489816e-01
2.900000000008731149e-01
3.340000000007421477e-01
3.000000000010913936e-01
3.240000000023428584e-01
3.680000000013023964e-01
3.780000000024301698e-01
3.740000000007057679e-01
3.860000000022409949e-01
3.140000000012150849e-01
3.800000000019281288e-01
3.480000000017753337e-01
3.940000000002328306e-01
3.620000000028085196e-01
3.800000000019281288e-01
2.780000000029758667e-01
2.799999999988358468e-01
2.920000000012805685e-01
2.500000000018189894e-01
2.940000000007785275e-01
2.280000000018844730e-01
2.699999999995270628e-01
2.260000000032960088e-01
1.679999999996653059e-01
1.920000000000072760e-01
1.400000000030559022e-01
1.779999999998835847e-01
1.479999999983192538e-01
1.540000000031795935e-01
1.280000000006111804e-01
1.359999999995125108e-01
9.400000000096042641e-02
1.220000000002983143e-01
1.080000000019936124e-01
1.099999999987630872e-01
9.400000000186992111e-02
1.199999999998908606e-01
1.080000000001746230e-01
9.600000000045838533e-02
8.000000000083673513e-02
