4.894195999997481522e+03
1.207675999997186409e+03
1.369759999996813349e+02
4.415600000005815673e+01
1.716400000008252391e+01
7.892000000032567186e+00
5.030000000025211193e+00
3.890000000018517312e+00
2.952000000012048986e+00
2.530000000013387762e+00
2.030000000008840289e+00
1.772000000009938958e+00
1.730000000007748895e+00
1.662000000006628397e+00
1.644000000004780304e+00
1.670000000008258212e+00
1.686000000010608346e+00
1.590000000006511982e+00
1.696000000007188646e+00
1.582000000007610652e+00
1.630000000006475602e+00
1.558000000011816155e+00
1.688000000007377821e+00
1.752000000005864422e+00
1.584000000007108611e+00
1.512000000006992195e+00
1.494000000007872586e+00
1.446000000006279151e+00
1.170000000006439222e+00
1.154000000003179593e+00
1.144000000004780304e+00
1.114000000006853952e+00
2.690000000011423253e+00
9.640000000044892658e-01
8.680000000058498699e-01
8.220000000010259100e-01
8.500000000049112714e-01
8.560000000043146429e-01
8.060000000050422386e-01
8.640000000041254680e-01
8.420000000005529728e-01
7.980000000043219188e-01
7.900000000045110937e-01
7.366000000034546247e+00
7.260000000042055035e-01
7.520000000031359377e-01
7.060000000037689460e-01
6.439999999993233359e-01
5.880000000024665496e-01
6.180000000049403752e-01
5.920000000041909516e-01
5.520000000005893526e-01
5.280000000047948561e-01
5.060000000030413503e-01
4.679999999998472049e-01
5.700000000033469405e-01
4.900000000006912160e-01
5.040000000044528861e-01
5.220000000008440111e-01
5.220000000008440111e-01
5.600000000049476512e-01
6.040000000029976945e-01
5.500000000010913936e-01
6.240000000025247573e-01
6.240000000043437467e-01
6.060000000043146429e-01
6.720000000013897079e-01
5.980000000045038178e-01
5.920000000023719622e-01
6.400000000021464075e-01
6.240000000043437467e-01
6.440000000011423253e-01
5.620000000026266207e-01
6.320000000032450771e-01
5.400000000026921043e-01
5.540000000019063009e-01
5.060000000048603397e-01
4.859999999998763087e-01
5.140000000019426807e-01
4.360000000015133992e-01
3.720000000021173037e-01
3.699999999998908606e-01
3.500000000049112714e-01
3.779999999997016857e-01
3.200000000015279511e-01
3.280000000031577656e-01
3.160000000025320332e-01
2.959999999993669917e-01
2.360000000016952981e-01
2.200000000029831426e-01
1.800000000002910383e-01
2.140000000017607817e-01
1.999999999989086064e-01
2.060000000001309672e-01
1.700000000018917490e-01
2.080000000005384209e-01
1.780000000007930794e-01
1.979999999994106474e-01
1.500000000023646862e-01
