2.236339999999870543e+02
4.043520000000485197e+02
4.253459999999488446e+02
3.753119999997929881e+02
2.759219999999045285e+02
3.462320000004210669e+02
3.549520000004317808e+02
3.496600000004268622e+02
3.461140000004202193e+02
3.418680000000686050e+02
3.314679999992304147e+02
3.337459999992261146e+02
3.409279999992086232e+02
3.498399999991879668e+02
3.500619999991868099e+02
3.233759999992489611e+02
3.816139999991155491e+02
4.244419999990150245e+02
3.737159999991363293e+02
1.993700000006674600e+02
