8.637123999999503212e+03
1.555144800000174837e+04
1.630576599999851896e+04
1.462143799999196926e+04
1.077893999999535299e+04
1.356847400001611095e+04
1.407923800001705240e+04
1.387522800001683936e+04
1.378160800001674215e+04
1.361796000000165077e+04
1.328143399996968219e+04
1.334398599996924167e+04
1.358266999996863888e+04
1.388027999996792641e+04
1.368117999996838626e+04
1.229180199997153250e+04
1.437982999996669241e+04
1.604927599996278877e+04
1.440868199996656040e+04
7.785776000025740359e+03
