1.396939999999922009e+02
2.520480000000257803e+02
2.651819999999842707e+02
2.427979999998688072e+02
1.775999999999123702e+02
2.243040000002590659e+02
2.336460000002775814e+02
2.302820000002748202e+02
2.296000000002804882e+02
2.261820000000334403e+02
2.201379999995019716e+02
2.210839999994987011e+02
2.252359999994905593e+02
2.297819999994794671e+02
2.268059999994852660e+02
1.993439999995443941e+02
2.334099999994559766e+02
2.612479999993906858e+02
2.382159999994455575e+02
1.297780000004167960e+02
