3.071003999998284144e+03
6.719979999984348069e+02
6.388399999993680467e+01
1.940400000008958159e+01
7.506000000034418917e+00
3.578000000015890691e+00
2.296000000010735675e+00
1.662000000007537892e+00
1.428000000006250048e+00
1.062000000005355105e+00
9.880000000039217412e-01
8.680000000049403752e-01
8.160000000025320332e-01
8.060000000045874913e-01
8.180000000029394869e-01
7.980000000043219188e-01
7.940000000039617589e-01
7.920000000035543053e-01
8.360000000034233381e-01
8.340000000043801265e-01
8.000000000029103830e-01
8.820000000050640665e-01
7.920000000021900632e-01
8.100000000049476512e-01
8.220000000028448994e-01
7.480000000045947672e-01
7.280000000027939677e-01
7.080000000041763997e-01
6.320000000027903297e-01
5.420000000012805685e-01
5.020000000035906851e-01
4.880000000007385097e-01
1.442000000007737981e+00
4.380000000014661055e-01
4.520000000024992914e-01
4.300000000030195224e-01
3.880000000003747118e-01
3.740000000020700099e-01
3.860000000017862476e-01
4.240000000022519089e-01
3.740000000011605152e-01
3.780000000024301698e-01
3.420000000014624675e-01
4.186000000017884304e+00
3.400000000028740033e-01
3.640000000013969839e-01
2.920000000008258212e-01
2.680000000023028406e-01
3.120000000017171260e-01
2.900000000008731149e-01
2.540000000008149073e-01
2.540000000012696546e-01
2.100000000014006218e-01
3.040000000005420588e-01
2.240000000019790605e-01
2.720000000003892637e-01
2.260000000014770194e-01
2.320000000008803909e-01
2.220000000020263542e-01
2.539999999999054126e-01
2.360000000007858034e-01
2.200000000016189006e-01
2.480000000018662831e-01
3.059999999995852704e-01
3.000000000024556357e-01
2.760000000012041710e-01
2.980000000015934347e-01
3.200000000019826984e-01
2.579999999993560778e-01
3.380000000024665496e-01
3.040000000019063009e-01
3.220000000014806574e-01
3.100000000013096724e-01
2.860000000000582077e-01
2.320000000026993803e-01
2.380000000002837623e-01
2.760000000016589183e-01
2.260000000010222720e-01
2.040000000015425030e-01
1.819999999997889972e-01
1.860000000015133992e-01
1.800000000007457857e-01
1.580000000008112693e-01
1.460000000015497790e-01
1.359999999995125108e-01
1.240000000002510205e-01
1.300000000001091394e-01
1.340000000022882887e-01
1.339999999995598046e-01
9.600000000091313268e-02
8.600000000024010660e-02
1.140000000000327418e-01
7.400000000052386895e-02
1.179999999999381544e-01
7.600000000229556463e-02
1.080000000001746230e-01
6.600000000025829650e-02
6.199999999944338924e-02
8.000000000038198777e-02
