2.241439999999874715e+02
4.090700000000437058e+02
4.357999999999652800e+02
3.901579999997838968e+02
2.826339999998674557e+02
3.572920000004289705e+02
3.646260000004440371e+02
3.566320000004343456e+02
3.531920000004301983e+02
3.466200000002268098e+02
3.386099999992134144e+02
3.402779999992094417e+02
3.476939999991891455e+02
3.599059999991641234e+02
3.648119999991531586e+02
3.514399999991828736e+02
4.153879999990358556e+02
4.539559999989451171e+02
3.940059999990808137e+02
2.093160000006855626e+02
