4.355287999997651241e+03
1.025899999997606756e+03
1.105019999997493869e+02
3.487600000014117541e+01
1.333800000006158371e+01
6.200000000028921932e+00
3.988000000018473656e+00
3.032000000012885721e+00
2.362000000015541445e+00
1.908000000005813490e+00
1.546000000006642949e+00
1.552000000007865310e+00
1.468000000008032657e+00
1.368000000004030881e+00
1.228000000005522452e+00
1.324000000006890332e+00
1.296000000004823960e+00
1.282000000006519258e+00
1.362000000009174983e+00
1.308000000004540198e+00
1.304000000007363269e+00
1.288000000004103640e+00
1.318000000006577466e+00
1.330000000003565219e+00
1.274000000006708433e+00
1.208000000005085894e+00
1.102000000007137714e+00
1.010000000005675247e+00
9.520000000038635335e-01
9.200000000037107384e-01
8.540000000020881998e-01
7.740000000048894435e-01
2.192000000009102223e+00
6.740000000054351403e-01
6.720000000013897079e-01
7.120000000059008016e-01
6.360000000022409949e-01
7.120000000013533281e-01
6.300000000037471182e-01
6.220000000057552825e-01
5.940000000000509317e-01
6.080000000029031071e-01
6.520000000036816346e-01
6.454000000029736839e+00
5.720000000037543941e-01
5.659999999998035491e-01
5.340000000023792381e-01
4.740000000047075446e-01
4.520000000002255547e-01
4.400000000041472958e-01
3.879999999999199645e-01
3.660000000008949428e-01
3.780000000042491592e-01
4.040000000013606041e-01
3.940000000020518200e-01
4.259999999985666364e-01
3.760000000056606950e-01
3.279999999995197868e-01
3.840000000009240466e-01
3.680000000031213858e-01
4.120000000011714292e-01
3.799999999991996447e-01
4.300000000039290171e-01
4.560000000028594513e-01
4.860000000016952981e-01
4.520000000020445441e-01
4.940000000015061232e-01
5.040000000026338967e-01
4.660000000039872248e-01
4.940000000005966285e-01
4.960000000028230716e-01
5.000000000027284841e-01
4.340000000029249350e-01
4.760000000014770194e-01
3.640000000023064786e-01
4.040000000004511094e-01
4.520000000011350494e-01
3.020000000033178367e-01
3.540000000020881998e-01
3.439999999991414370e-01
2.800000000070212991e-01
2.539999999962674337e-01
3.020000000014988473e-01
2.540000000035433914e-01
2.160000000003492460e-01
2.319999999990614015e-01
2.200000000011641532e-01
2.040000000015425030e-01
1.660000000001673470e-01
1.840000000038344297e-01
1.339999999963765731e-01
1.740000000027066562e-01
1.279999999987921910e-01
1.620000000038999133e-01
1.000000000003637979e-01
1.680000000005748007e-01
1.239999999997962732e-01
1.440000000020518200e-01
1.539999999995416147e-01
