1.057299999999941349e+02
1.913600000000190278e+02
2.016639999999889596e+02
1.825199999999020406e+02
1.325699999999327474e+02
1.699460000001880644e+02
1.768160000002089873e+02
1.757400000002073739e+02
1.745460000002103698e+02
1.724440000000495274e+02
1.684699999996212227e+02
1.703139999996171809e+02
1.724539999996120514e+02
1.757239999996036204e+02
1.722859999996135230e+02
1.518359999996582701e+02
1.776499999995958206e+02
2.000979999995338403e+02
1.808299999995783764e+02
1.001720000003128916e+02
