4.776459999997551677e+03
1.164757999997309525e+03
1.318899999996956467e+02
4.157200000008560892e+01
1.579400000007626659e+01
7.342000000034204277e+00
4.596000000020467269e+00
3.448000000018510036e+00
2.776000000008025381e+00
2.326000000015483238e+00
1.856000000007043127e+00
1.756000000007588824e+00
1.612000000008265488e+00
1.628000000006068149e+00
1.532000000008338247e+00
1.490000000007967174e+00
1.536000000007334165e+00
1.586000000005697075e+00
1.630000000011023076e+00
1.516000000003259629e+00
1.676000000009480573e+00
1.588000000007014023e+00
1.560000000005857146e+00
1.646000000008825737e+00
1.526000000006206392e+00
1.500000000008185452e+00
1.504000000007181370e+00
1.306000000005951733e+00
1.326000000007297785e+00
1.174000000005435140e+00
1.074000000005071342e+00
1.004000000004452886e+00
2.540000000009968062e+00
7.880000000031941454e-01
8.460000000050058588e-01
7.980000000043219188e-01
7.960000000039144652e-01
8.820000000041545718e-01
8.220000000028448994e-01
7.320000000036088750e-01
7.720000000035724952e-01
8.740000000034342520e-01
7.660000000050786184e-01
7.138000000032661774e+00
6.860000000024228939e-01
6.940000000058716978e-01
6.020000000025902409e-01
6.060000000015861588e-01
5.300000000042928150e-01
5.420000000012805685e-01
5.560000000023137545e-01
4.760000000042055035e-01
5.440000000016880222e-01
5.340000000023792381e-01
4.200000000009822543e-01
4.720000000024811015e-01
4.980000000032305252e-01
4.500000000016370905e-01
5.140000000019426807e-01
5.040000000035433914e-01
4.980000000023210305e-01
5.120000000015352271e-01
5.540000000028157956e-01
5.560000000014042598e-01
5.700000000051659299e-01
5.940000000036889105e-01
5.920000000005529728e-01
5.680000000011204975e-01
6.340000000045620254e-01
6.380000000017389539e-01
6.440000000029613147e-01
5.900000000037834980e-01
5.300000000024738256e-01
5.720000000019354047e-01
4.940000000042346073e-01
5.200000000022555469e-01
4.680000000007566996e-01
4.040000000031795935e-01
4.240000000008876668e-01
4.100000000025829650e-01
4.140000000043073669e-01
3.339999999971041689e-01
3.600000000033105607e-01
3.260000000018408173e-01
2.640000000010331860e-01
2.919999999994615791e-01
2.480000000041400199e-01
2.379999999993742676e-01
2.340000000003783498e-01
2.580000000025393092e-01
1.740000000036161509e-01
2.319999999990614015e-01
1.539999999995416147e-01
2.220000000024811015e-01
1.399999999994179234e-01
2.060000000019499566e-01
1.420000000007348717e-01
1.439999999993233359e-01
1.600000000007639755e-01
