1.684099999999901058e+02
2.986160000000360242e+02
3.093219999999677157e+02
2.776219999998463663e+02
2.074639999999099018e+02
2.616180000003184887e+02
2.752760000003365803e+02
2.713680000003309942e+02
2.702600000003317291e+02
2.661999999999334250e+02
2.598339999993936544e+02
2.613299999993919300e+02
2.654379999993807360e+02
2.690679999993717502e+02
2.583679999993996717e+02
2.209619999994843056e+02
2.579439999993992387e+02
2.918499999993200618e+02
2.711379999993678211e+02
1.468920000004864050e+02
