3.543173999997976807e+03
7.839939999981966139e+02
8.036399999993318488e+01
2.392800000011175143e+01
8.850000000041291059e+00
3.958000000018728315e+00
2.658000000013089448e+00
1.960000000008221832e+00
1.456000000006497430e+00
1.286000000007334165e+00
1.152000000005500624e+00
1.052000000005136826e+00
9.700000000048021320e-01
9.500000000043655746e-01
8.400000000037834980e-01
9.700000000048021320e-01
9.440000000031432137e-01
9.200000000064392225e-01
9.440000000031432137e-01
8.760000000038417056e-01
8.980000000055952114e-01
9.500000000025465852e-01
8.220000000055733835e-01
8.760000000047512003e-01
7.980000000025029294e-01
7.440000000024156179e-01
7.520000000049549271e-01
7.200000000029831426e-01
5.980000000026848284e-01
5.940000000036889105e-01
5.060000000030413503e-01
5.800000000026557245e-01
1.754000000007181370e+00
4.700000000029831426e-01
4.700000000020736479e-01
4.280000000017025741e-01
4.140000000024883775e-01
3.840000000009240466e-01
4.000000000032741809e-01
4.680000000007566996e-01
4.220000000032086973e-01
4.420000000000072760e-01
3.520000000034997356e-01
4.804000000023734174e+00
4.120000000011714292e-01
3.520000000016807462e-01
3.540000000020881998e-01
3.040000000019063009e-01
3.180000000002110028e-01
2.560000000012223609e-01
2.940000000016880222e-01
2.280000000009749783e-01
2.119999999995343387e-01
2.780000000038853614e-01
1.920000000000072760e-01
2.780000000002473826e-01
2.340000000012878445e-01
2.460000000010040822e-01
2.680000000018480932e-01
2.460000000010040822e-01
2.520000000013169483e-01
2.500000000009094947e-01
2.900000000026921043e-01
3.380000000006475602e-01
2.780000000011568773e-01
2.920000000012805685e-01
3.120000000017171260e-01
3.080000000027212081e-01
3.200000000006184564e-01
2.519999999994979589e-01
3.100000000031286618e-01
3.100000000013096724e-01
2.900000000008731149e-01
2.520000000004074536e-01
2.420000000029176590e-01
3.200000000006184564e-01
2.700000000022555469e-01
1.840000000011059456e-01
2.360000000007858034e-01
1.900000000005093170e-01
1.860000000015133992e-01
1.480000000001382432e-01
1.700000000009822543e-01
1.540000000004511094e-01
1.019999999998617568e-01
1.500000000014551915e-01
1.020000000007712515e-01
1.180000000022118911e-01
9.199999999873398338e-02
9.599999999954889063e-02
8.600000000114960130e-02
9.400000000186992111e-02
7.199999999920692062e-02
8.799999999973806553e-02
6.400000000030559022e-02
9.199999999964347808e-02
6.000000000130967237e-02
6.400000000030559022e-02
6.399999999939609552e-02
