5.353569999997318519e+03
1.353321999996845989e+03
1.570139999996345068e+02
5.157999999998992280e+01
2.030600000009417272e+01
9.128000000042447937e+00
5.872000000027583155e+00
4.336000000020248990e+00
3.608000000016545528e+00
2.820000000013351382e+00
2.338000000009742507e+00
2.220000000010259100e+00
1.982000000011794327e+00
1.954000000006999471e+00
1.878000000009706127e+00
1.994000000008782081e+00
1.980000000008658390e+00
1.870000000008985808e+00
1.918000000011488737e+00
1.940000000006875780e+00
1.942000000007283234e+00
1.980000000009567884e+00
2.026000000012572855e+00
2.046000000008461939e+00
1.928000000008978532e+00
1.794000000008963980e+00
1.648000000005595211e+00
1.634000000007290510e+00
1.530000000008840289e+00
1.514000000003761670e+00
1.232000000009065843e+00
1.250000000005456968e+00
3.114000000013220415e+00
1.190000000005966285e+00
1.106000000006133632e+00
1.058000000005449692e+00
1.052000000003317837e+00
1.114000000006853952e+00
1.042000000004009053e+00
9.740000000065265340e-01
9.220000000022992026e-01
9.360000000051513780e-01
1.068000000003848982e+00
8.012000000037005520e+00
9.280000000062500476e-01
9.080000000039945007e-01
7.940000000025975169e-01
7.100000000018553692e-01
7.400000000070576789e-01
7.100000000009458745e-01
6.460000000042782631e-01
6.520000000036816346e-01
6.220000000002983143e-01
6.000000000030922820e-01
6.360000000031504896e-01
6.180000000031213858e-01
6.840000000038344297e-01
5.780000000040672603e-01
6.400000000012369128e-01
6.740000000027066562e-01
7.220000000052095857e-01
6.300000000010186341e-01
6.580000000039945007e-01
7.980000000052314135e-01
7.800000000024738256e-01
7.040000000006330083e-01
7.080000000041763997e-01
6.940000000049622031e-01
7.199999999993451638e-01
7.740000000048894435e-01
7.160000000048967195e-01
6.940000000040527084e-01
6.820000000025174813e-01
7.300000000032014214e-01
6.160000000045329216e-01
6.360000000013315002e-01
5.680000000020299922e-01
5.020000000040454324e-01
5.659999999998035491e-01
4.680000000043946784e-01
5.600000000022191671e-01
4.480000000048676156e-01
3.999999999987267074e-01
4.660000000039872248e-01
3.279999999995197868e-01
4.640000000035797711e-01
2.759999999998399289e-01
3.240000000023428584e-01
2.600000000020372681e-01
3.220000000019354047e-01
2.519999999994979589e-01
2.820000000019717845e-01
1.940000000031432137e-01
2.319999999990614015e-01
2.040000000006330083e-01
2.340000000003783498e-01
2.000000000007275958e-01
2.140000000035797711e-01
1.920000000018262654e-01
