5.429961999997355633e+03
1.412713999996716666e+03
1.667259999996149418e+02
5.488999999991574441e+01
2.227200000010452641e+01
9.928000000048086804e+00
6.482000000030893716e+00
4.952000000023872417e+00
3.846000000015010301e+00
3.020000000015897967e+00
2.496000000010099029e+00
2.206000000011954398e+00
2.180000000009385985e+00
1.916000000010171789e+00
1.962000000009538780e+00
1.972000000007938070e+00
2.098000000009051291e+00
2.122000000012121745e+00
2.100000000011277734e+00
1.964000000006308255e+00
2.208000000010542863e+00
2.186000000012427336e+00
2.144000000009327778e+00
2.208000000011452357e+00
1.932000000010702934e+00
2.148000000007414201e+00
1.892000000010739313e+00
1.674000000008163624e+00
1.632000000005064066e+00
1.540000000007239578e+00
1.512000000006992195e+00
1.376000000008389179e+00
3.156000000014500984e+00
1.240000000004329195e+00
1.240000000009786163e+00
1.150000000003274181e+00
1.146000000005187758e+00
1.112000000004627509e+00
1.104000000007545168e+00
1.014000000001942681e+00
1.104000000007545168e+00
1.002000000004045432e+00
1.090000000006511982e+00
8.534000000038759026e+00
1.036000000006424671e+00
8.660000000054424163e-01
8.500000000030922820e-01
8.200000000033469405e-01
7.700000000031650416e-01
7.400000000006912160e-01
7.640000000073996489e-01
7.060000000046784407e-01
6.540000000022700988e-01
7.020000000029540388e-01
6.420000000007348717e-01
7.320000000036088750e-01
6.620000000011714292e-01
6.320000000059735612e-01
6.760000000022046152e-01
7.120000000013533281e-01
6.920000000054642442e-01
7.840000000032887328e-01
7.080000000041763997e-01
7.760000000052968971e-01
6.860000000015133992e-01
7.440000000060535967e-01
7.560000000021318556e-01
8.460000000031868694e-01
8.020000000069558155e-01
8.500000000021827873e-01
8.840000000063810148e-01
8.200000000006184564e-01
7.560000000057698344e-01
7.440000000033251126e-01
7.180000000007566996e-01
7.440000000051441020e-01
7.920000000030995579e-01
5.560000000023137545e-01
6.820000000034269760e-01
5.440000000016880222e-01
5.720000000046638888e-01
5.480000000006839400e-01
4.760000000042055035e-01
4.700000000011641532e-01
3.980000000046857167e-01
4.499999999970896170e-01
3.420000000041909516e-01
3.560000000024956535e-01
3.520000000016807462e-01
3.420000000005529728e-01
3.040000000009968062e-01
3.100000000022191671e-01
2.539999999989959178e-01
3.180000000020299922e-01
2.320000000036088750e-01
2.719999999999345164e-01
2.380000000039217412e-01
2.660000000005311449e-01
2.239999999992505764e-01
