2.397639999999866802e+02
4.432820000000447180e+02
4.746999999999691227e+02
4.251099999997636587e+02
3.056979999998511630e+02
3.847180000004514113e+02
3.900680000004772410e+02
3.800200000004629146e+02
3.753440000004579815e+02
3.688280000003637724e+02
3.561399999991986078e+02
3.602939999991776858e+02
3.688739999991394143e+02
3.853539999991044169e+02
4.004159999990670258e+02
3.994739999990688375e+02
4.723559999988992786e+02
5.154999999987985575e+02
4.355499999989851858e+02
2.301240000007182971e+02
