3.799317999997855622e+03
8.483499999980249413e+02
8.312599999987924093e+01
2.547200000011798693e+01
1.012000000004627509e+01
4.508000000020729203e+00
2.918000000014217221e+00
2.178000000008069037e+00
1.770000000010440999e+00
1.468000000007123163e+00
1.198000000003048626e+00
1.096000000007734343e+00
1.044000000004416506e+00
1.014000000003761670e+00
9.540000000051804818e-01
1.022000000004481990e+00
9.980000000068685040e-01
1.030000000001564331e+00
1.048000000005231414e+00
9.460000000035506673e-01
1.040000000007239578e+00
1.124000000005253241e+00
1.046000000003914465e+00
1.086000000003878085e+00
1.032000000004700269e+00
9.340000000047439244e-01
8.660000000036234269e-01
8.420000000041909516e-01
8.040000000037252903e-01
7.540000000035433914e-01
7.240000000047075446e-01
6.300000000019281288e-01
1.886000000010426447e+00
5.919999999996434781e-01
6.000000000030922820e-01
5.540000000037252903e-01
5.120000000015352271e-01
4.420000000027357601e-01
5.360000000018771971e-01
5.180000000027575879e-01
5.280000000038853614e-01
5.460000000002764864e-01
5.400000000036015990e-01
5.406000000022686436e+00
4.900000000052386895e-01
4.900000000016007107e-01
3.740000000016152626e-01
4.000000000014551915e-01
4.000000000023646862e-01
3.260000000009313226e-01
3.440000000009604264e-01
3.120000000035361154e-01
3.399999999992360245e-01
2.960000000030049705e-01
2.880000000004656613e-01
3.400000000010550139e-01
3.100000000013096724e-01
3.180000000020299922e-01
3.040000000000873115e-01
3.520000000034997356e-01
3.199999999997089617e-01
3.140000000012150849e-01
3.380000000024665496e-01
3.620000000037180143e-01
3.420000000005529728e-01
3.440000000009604264e-01
3.300000000008367351e-01
3.620000000028085196e-01
3.580000000010841177e-01
3.600000000033105607e-01
4.160000000001673470e-01
3.920000000025538611e-01
3.440000000009604264e-01
3.720000000021173037e-01
3.260000000018408173e-01
3.540000000002692104e-01
3.440000000009604264e-01
2.800000000015643309e-01
2.700000000013460522e-01
2.100000000009458745e-01
3.080000000027212081e-01
2.399999999997817213e-01
1.940000000031432137e-01
2.079999999996289262e-01
1.940000000004147296e-01
1.880000000028303475e-01
1.639999999979409040e-01
1.740000000017971615e-01
1.520000000009531504e-01
1.260000000002037268e-01
1.200000000008003553e-01
1.460000000015497790e-01
9.199999999964347808e-02
1.220000000012078090e-01
1.000000000012732926e-01
1.179999999967549229e-01
9.400000000368891051e-02
9.400000000005093170e-02
8.799999999973806553e-02
