4.664171999997861349e+03
1.266837999997052975e+03
1.511439999996500774e+02
5.397799999988092168e+01
2.256799999997656414e+01
1.000600000003305468e+01
6.586000000025705958e+00
4.786000000019157596e+00
3.928000000018982973e+00
3.146000000014282705e+00
2.542000000012194505e+00
2.268000000010033546e+00
2.088000000009742507e+00
2.094000000010055373e+00
1.922000000009575160e+00
2.016000000008716597e+00
2.058000000009997166e+00
2.060000000009495125e+00
2.140000000010331860e+00
2.098000000009960786e+00
2.130000000011932570e+00
2.184000000009291398e+00
2.144000000010237272e+00
2.166000000009262294e+00
2.222000000011576049e+00
2.152000000011867087e+00
2.008000000007996277e+00
1.838000000008833013e+00
1.674000000005435140e+00
1.562000000008993084e+00
1.488000000009378709e+00
1.420000000005529728e+00
3.020000000014988473e+00
1.360000000005129550e+00
1.192000000007283234e+00
1.228000000005522452e+00
1.128000000003339665e+00
1.122000000005755282e+00
1.112000000006446498e+00
1.098000000004503818e+00
1.064000000005762558e+00
1.208000000004176400e+00
1.070000000007894414e+00
7.488000000032116077e+00
1.052000000006046321e+00
9.700000000057116267e-01
9.280000000044310582e-01
9.060000000044965418e-01
8.840000000045620254e-01
7.240000000019790605e-01
7.740000000039799488e-01
7.440000000051441020e-01
7.300000000032014214e-01
7.200000000029831426e-01
7.160000000021682354e-01
7.300000000022919266e-01
7.080000000078143785e-01
6.899999999995998223e-01
7.600000000056752469e-01
7.460000000019135769e-01
7.120000000049913069e-01
7.520000000049549271e-01
7.980000000025029294e-01
8.360000000056970748e-01
9.100000000016734703e-01
8.260000000045693014e-01
8.400000000046929927e-01
8.480000000035943231e-01
8.280000000022482709e-01
8.980000000046857167e-01
8.820000000050640665e-01
8.220000000028448994e-01
7.840000000051077222e-01
8.400000000037834980e-01
7.240000000001600711e-01
7.840000000078362064e-01
6.980000000012296368e-01
6.440000000038708095e-01
7.180000000043946784e-01
5.940000000036889105e-01
6.180000000040308805e-01
6.140000000023064786e-01
4.879999999993742676e-01
5.500000000029103830e-01
3.740000000034342520e-01
4.560000000001309672e-01
3.740000000025247573e-01
4.480000000012296368e-01
3.380000000051950337e-01
3.720000000002983143e-01
3.460000000004583853e-01
3.880000000026484486e-01
2.840000000023792381e-01
3.760000000020227162e-01
2.820000000010622898e-01
3.140000000003055902e-01
2.560000000012223609e-01
3.100000000013096724e-01
2.400000000016007107e-01
