3.108399999999815577e+01
5.519800000000714135e+01
5.690799999999200054e+01
5.101999999997190116e+01
3.732799999999014062e+01
4.697000000005701281e+01
4.892200000005931315e+01
4.873400000005909760e+01
4.841400000005882021e+01
4.805599999998179328e+01
4.628999999989281378e+01
4.609599999989302432e+01
4.719799999989061234e+01
4.772799999988922082e+01
4.645599999989235585e+01
3.987199999990752985e+01
4.764399999988972922e+01
5.335599999987641695e+01
4.927799999988565105e+01
2.662200000009124778e+01
