5.740079999997325103e+03
1.539065999996411847e+03
1.775919999995885519e+02
6.152199999985441536e+01
2.630800000003364403e+01
1.180600000005688344e+01
7.624000000034357072e+00
5.600000000023101165e+00
4.584000000025298505e+00
3.666000000015628757e+00
3.062000000014450052e+00
2.624000000012529199e+00
2.472000000011576049e+00
2.300000000012005330e+00
2.394000000009327778e+00
2.398000000013780664e+00
2.210000000010950316e+00
2.564000000009400537e+00
2.468000000010761141e+00
2.444000000015876140e+00
2.430000000008476491e+00
2.456000000013773388e+00
2.534000000006926712e+00
2.438000000013744284e+00
2.444000000011328666e+00
2.316000000010717486e+00
2.126000000008389179e+00
2.154000000011365046e+00
1.910000000009858923e+00
1.850000000008549250e+00
1.670000000008258212e+00
1.706000000005587935e+00
3.384000000015475962e+00
1.464000000009036739e+00
1.350000000006730261e+00
1.260000000008403731e+00
1.386000000004059984e+00
1.306000000006861228e+00
1.300000000002000888e+00
1.268000000006395567e+00
1.280000000005202310e+00
1.250000000009094947e+00
1.206000000003768946e+00
9.480000000045038178e+00
1.164000000004307367e+00
1.092000000007828930e+00
9.520000000020445441e-01
9.100000000071304385e-01
8.900000000048748916e-01
8.520000000007712515e-01
8.740000000061627361e-01
9.360000000042418833e-01
8.460000000004583853e-01
8.780000000069776434e-01
8.120000000026266207e-01
8.380000000024665496e-01
7.460000000091895345e-01
7.839999999996507540e-01
8.280000000031577656e-01
8.440000000064173946e-01
8.360000000038780854e-01
8.300000000017462298e-01
8.700000000035288394e-01
9.640000000072177500e-01
1.044000000005326001e+00
9.340000000020154403e-01
1.032000000003790774e+00
1.058000000006359187e+00
9.840000000058353180e-01
1.058000000004540198e+00
9.800000000068394002e-01
9.560000000019499566e-01
9.880000000039217412e-01
9.300000000057480065e-01
7.860000000036961865e-01
8.920000000043728505e-01
7.440000000033251126e-01
7.440000000069630914e-01
7.299999999995634425e-01
6.560000000044965418e-01
7.320000000017898856e-01
6.280000000042491592e-01
5.640000000003055902e-01
6.580000000058134901e-01
4.439999999976862455e-01
5.080000000061772880e-01
4.460000000017316779e-01
4.980000000023210305e-01
3.900000000012369128e-01
4.300000000030195224e-01
3.220000000019354047e-01
3.859999999986030161e-01
3.180000000020299922e-01
3.920000000025538611e-01
3.140000000021245796e-01
4.080000000003565219e-01
2.820000000019717845e-01
3.140000000012150849e-01
2.620000000006257324e-01
