1.776439999999897736e+02
3.176460000000363380e+02
3.299639999999690190e+02
2.958599999998396015e+02
2.209319999999022457e+02
2.777820000003305267e+02
2.905940000003479327e+02
2.865940000003445220e+02
2.851200000003436799e+02
2.821439999999756765e+02
2.750279999993713318e+02
2.769399999993679558e+02
2.802139999993605670e+02
2.867239999993448691e+02
2.764819999993683268e+02
2.389919999994526734e+02
2.806619999993599777e+02
3.166559999992696248e+02
2.918939999993190213e+02
1.574920000005258771e+02
