2.341259999999864476e+02
4.289060000000511081e+02
4.512799999999448346e+02
3.979759999997793329e+02
2.914659999999103093e+02
3.636820000004413487e+02
3.700920000004512076e+02
3.613100000004396861e+02
3.599100000004400499e+02
3.523660000001377739e+02
3.427179999992040393e+02
3.430619999992031808e+02
3.524059999991832228e+02
3.646519999991523946e+02
3.687679999991432851e+02
3.547199999991762525e+02
4.169499999990275683e+02
4.605439999989303033e+02
4.001179999990681608e+02
2.122400000006973642e+02
