1.560079999999908864e+02
2.763300000000328396e+02
2.857519999999713036e+02
2.583799999998575458e+02
1.919619999999150650e+02
2.427860000002931429e+02
2.542200000003092555e+02
2.534260000003089317e+02
2.530860000003085588e+02
2.506439999999247448e+02
2.450119999994317368e+02
2.448239999994339087e+02
2.479699999994240898e+02
2.503759999994199461e+02
2.407919999994410318e+02
2.032639999995276412e+02
2.352079999994548416e+02
2.670059999993777637e+02
2.489059999994233294e+02
1.355660000004700123e+02
