3.987213999997781684e+03
9.129699999978747655e+02
9.747999999983494490e+01
2.925800000012714008e+01
1.103800000005139736e+01
5.066000000022540917e+00
3.190000000013242243e+00
2.476000000011481461e+00
1.994000000011510565e+00
1.624000000007981726e+00
1.340000000004692993e+00
1.220000000006621121e+00
1.154000000004089088e+00
1.134000000004562025e+00
1.082000000004882168e+00
1.138000000005376933e+00
1.082000000003972673e+00
1.186000000006970367e+00
1.146000000006097252e+00
1.148000000005595211e+00
1.154000000005908078e+00
1.000000000001818989e+00
1.140000000007603376e+00
1.100000000003092282e+00
1.016000000004169124e+00
1.018000000005486072e+00
9.720000000043000909e-01
9.160000000038053258e-01
8.100000000049476512e-01
8.000000000038198777e-01
6.700000000018917490e-01
6.800000000039290171e-01
2.040000000010877557e+00
5.720000000010259100e-01
5.800000000026557245e-01
5.200000000022555469e-01
5.320000000028812792e-01
5.160000000023501343e-01
5.980000000035943231e-01
5.200000000031650416e-01
4.840000000003783498e-01
5.320000000047002686e-01
4.859999999998763087e-01
5.890000000026702764e+00
5.160000000023501343e-01
4.500000000016370905e-01
4.840000000031068339e-01
4.020000000009531504e-01
4.040000000049985829e-01
3.539999999993597157e-01
3.440000000045984052e-01
2.999999999992724042e-01
3.400000000010550139e-01
3.980000000019572326e-01
3.040000000009968062e-01
3.180000000011204975e-01
3.220000000037543941e-01
2.700000000004365575e-01
3.260000000000218279e-01
3.500000000003637979e-01
2.740000000039799488e-01
3.180000000011204975e-01
3.680000000013023964e-01
3.900000000021464075e-01
3.700000000008003553e-01
3.200000000033469405e-01
3.639999999995779945e-01
3.640000000032159733e-01
3.700000000008003553e-01
4.140000000043073669e-01
3.819999999986976036e-01
3.820000000032450771e-01
3.700000000017098500e-01
3.400000000019645086e-01
3.540000000020881998e-01
3.140000000012150849e-01
3.200000000006184564e-01
2.780000000029758667e-01
3.000000000001818989e-01
2.380000000021027518e-01
2.579999999998108251e-01
2.200000000029831426e-01
2.240000000001600711e-01
1.859999999987849151e-01
1.860000000042418833e-01
1.679999999987558112e-01
1.680000000014842954e-01
1.580000000012660166e-01
1.359999999995125108e-01
1.480000000010477379e-01
1.139999999995779945e-01
1.399999999994179234e-01
1.220000000039362931e-01
1.000000000003637979e-01
9.999999999945430318e-02
1.420000000016443664e-01
1.040000000002692104e-01
8.599999999933061190e-02
1.060000000015861588e-01
