5.135093999997426181e+03
1.287445999997037688e+03
1.472959999996573970e+02
4.755800000003364403e+01
1.875800000008712232e+01
8.418000000041502062e+00
5.426000000024032488e+00
4.076000000019121217e+00
3.262000000016996637e+00
2.798000000014326361e+00
2.304000000009182259e+00
1.944000000007690687e+00
1.914000000011583325e+00
1.804000000005544280e+00
1.764000000010128133e+00
1.760000000004765752e+00
1.760000000011132215e+00
1.762000000009720679e+00
1.748000000005959009e+00
1.816000000006170012e+00
1.782000000010157237e+00
1.820000000009713403e+00
1.968000000009851647e+00
1.822000000006482878e+00
1.652000000011867087e+00
1.635999999999512511e+00
1.600000000013096724e+00
1.484000000005835318e+00
1.342000000008738425e+00
1.282000000003790774e+00
1.178000000006250048e+00
1.052000000002408342e+00
2.876000000017484126e+00
1.012000000002444722e+00
1.046000000003004970e+00
9.040000000059080776e-01
9.540000000042709871e-01
9.600000000064028427e-01
9.080000000030850060e-01
9.200000000018917490e-01
9.160000000074433046e-01
9.720000000033905962e-01
8.400000000046929927e-01
7.766000000037820428e+00
8.380000000015570549e-01
8.080000000036307028e-01
6.800000000039290171e-01
6.800000000048385118e-01
6.080000000010841177e-01
6.380000000044674380e-01
6.100000000005820766e-01
5.580000000036307028e-01
5.900000000001455192e-01
6.580000000067229848e-01
5.200000000013460522e-01
5.540000000019063009e-01
5.640000000021245796e-01
5.240000000048894435e-01
5.760000000009313226e-01
5.600000000031286618e-01
6.360000000031504896e-01
5.960000000040963641e-01
6.440000000002328306e-01
7.040000000033614924e-01
6.260000000056606950e-01
6.480000000010477379e-01
7.380000000002837623e-01
7.000000000052750693e-01
6.500000000041836756e-01
6.580000000049039954e-01
7.040000000006330083e-01
7.180000000034851837e-01
6.740000000054351403e-01
6.940000000040527084e-01
5.700000000015279511e-01
6.120000000009895302e-01
5.700000000006184564e-01
4.720000000061190804e-01
5.060000000012223609e-01
4.340000000001964509e-01
4.740000000037980499e-01
3.980000000055952114e-01
3.559999999988576747e-01
4.360000000060608727e-01
3.279999999977007974e-01
3.240000000023428584e-01
2.779999999993378879e-01
3.340000000025611371e-01
2.780000000020663720e-01
2.939999999998690328e-01
2.220000000006621121e-01
2.940000000025975169e-01
2.040000000042709871e-01
2.659999999968931661e-01
1.860000000024228939e-01
1.960000000008221832e-01
1.580000000003565219e-01
1.700000000000727596e-01
1.720000000004802132e-01
